-0.000567
-0.000614
-0.000943
0.000117
0.000264
-0.000232
-0.000528
-0.000251
-0.000451
-0.000355
0.000284
0.000106
-0.000466
-0.000442
0.000123
0.000073
-0.000033
-0.000199
0.000521
-0.000545
-0.000844
-0.000002
0.000943
0.000120
-0.000650
-0.000260
0.000418
-0.000283
0.000030
-0.000020
-0.000145
-0.000245
0.000108
0.000608
-0.000178
-0.000606
-0.000259
-0.000428
-0.000226
0.000442
-0.000524
-0.000773
-0.000444
0.000646
0.000369
0.000490
0.000609
-0.000635
-0.000774
0.001044
0.002194
0.001967
-0.001447
-0.001288
-0.001116
-0.000963
-0.000340
0.000191
-0.000021
-0.000837
0.000607
0.000540
0.000142
0.000350
-0.001258
-0.000059
-0.000179
-0.000137
-0.000249
-0.000266
0.000017
0.000191
-0.000817
-0.000700
0.000547
-0.000456
-0.000948
-0.000947
-0.000257
0.000749
-0.000267
0.002791
-0.005063
0.002069
0.000788
0.001241
0.000270
0.000258
0.000503
0.003471
0.002898
-0.001037
-0.002992
0.000137
0.005867
0.009608
0.006724
-0.001942
0.000805
-0.000988
-0.000092
-0.000853
-0.004391
-0.005919
-0.008708
-0.006019
-0.000820
0.000278
0.001200
0.001767
-0.001709
0.008287
-0.004239
-0.002154
0.000948
0.000123
-0.000867
0.002167
0.001304
-0.022854
0.008837
0.003550
0.002265
0.000512
0.001979
0.000062
0.000320
-0.000018
0.000778
-0.000755
-0.001974
-0.005271
-0.001002
0.000009
0.001802
-0.000905
-0.001197
-0.000241
-0.003381
-0.002942
-0.002888
-0.003982
-0.006895
0.008992
0.024048
0.002087
0.002724
0.003590
0.004619
-0.003699
-0.006866
-0.008427
-0.009044
-0.005601
-0.003572
-0.006757
-0.006742
-0.007784
-0.007135
-0.008144
-0.005591
0.005184
0.004851
0.005603
0.007712
0.033359
0.054812
0.072214
-0.033009
-0.020101
-0.006659
0.007894
-0.002478
-0.011636
-0.013057
-0.010627
-0.004828
-0.003248
-0.004860
-0.006701
-0.003846
-0.002647
-0.001172
0.003894
-0.001431
-0.002887
0.003004
0.011406
0.009270
0.005314
0.015014
0.006714
0.007590
0.008826
0.011146
-0.020076
-0.005012
-0.010442
-0.016265
-0.022569
-0.020465
-0.014638
-0.013744
-0.013408
0.132132
0.049695
-0.115792
-0.072300
0.001238
0.046305
-0.008172
-0.006413
-0.007728
-0.005813
-0.004851
-0.004600
-0.002180
-0.000269
-0.005392
-0.003758
-0.001776
0.000912
-0.000463
-0.002087
-0.001169
0.002731
0.033291
0.007790
-0.000192
0.012918
0.014265
0.006830
0.008134
-0.024540
-0.023193
-0.022655
-0.018281
-0.013264
-0.012474
-0.010545
0.008043
0.000602
0.026990
0.090033
0.080858
0.009637
-0.082052
-0.090743
-0.011240
0.004510
0.001311
-0.004384
0.001813
0.002798
-0.006836
0.000037
-0.001622
-0.004297
-0.002682
0.001939
0.000564
-0.002603
0.026272
0.012961
-0.001072
0.010633
0.014980
0.010374
0.011151
-0.021410
-0.020116
-0.020090
0.007352
0.016221
0.067242
0.095269
0.031487
-0.056180
-0.114541
-0.051103
0.005221
0.006436
-0.010111
-0.006539
-0.000610
0.001781
-0.000049
0.000971
-0.000317
0.003876
0.001108
-0.001297
-0.001560
0.001937
0.002770
0.027011
0.018009
-0.003622
-0.011406
0.004827
0.012916
0.011683
0.009672
-0.018515
-0.013744
-0.011966
-0.016844
-0.012229
-0.005893
-0.004249
-0.004918
0.006881
0.008428
0.010011
0.006800
0.004951
0.004756
0.030331
0.073495
0.065635
-0.027149
-0.041326
-0.035201
-0.019334
0.001028
0.003358
-0.009703
-0.007347
-0.007240
-0.005195
-0.002846
-0.003112
-0.006825
-0.010330
0.051658
0.031708
0.015623
0.000870
-0.009580
0.005017
-0.025262
-0.028487
-0.026757
-0.023573
-0.019816
-0.015200
-0.006190
0.071821
0.060995
0.056991
-0.034000
-0.106903
-0.072117
0.049097
0.065573
-0.003519
-0.002713
-0.006974
-0.009446
-0.008057
-0.003096
-0.001197
-0.001014
0.009011
0.003815
0.006233
0.015670
0.011410
0.014525
0.016884
0.002651
0.001448
-0.007728
-0.022940
-0.021644
-0.017496
-0.006546
-0.009889
-0.005642
-0.006832
-0.006189
-0.000902
0.004206
0.007177
0.095988
0.048079
-0.080717
-0.161390
-0.062328
0.069053
0.066592
-0.002859
-0.008548
-0.000267
-0.007562
0.002041
-0.000243
0.002349
0.003161
0.021677
0.023631
0.007333
0.049554
0.046162
0.038771
0.029920
-0.016985
-0.034901
-0.066295
0.093766
-0.048692
-0.059431
0.059562
0.082528
0.093882
-0.004237
-0.095746
-0.036160
-0.017662
-0.034949
-0.012345
-0.011766
-0.013939
-0.008888
0.032246
0.042162
0.046944
0.041605
0.029103
0.028922
0.063071
0.034053
-0.072905
-0.073289
-0.085001
-0.069795
-0.044388
-0.020335
0.003337
0.003127
-0.018485
-0.016807
0.015604
0.054187
0.004214
0.029283
-0.013518
-0.004899
-0.001192
0.008134
0.005426
0.017835
0.021325
0.074245
0.026234
-0.005106
0.007235
0.013560
-0.003438
-0.023138
-0.034756
-0.037589
-0.011016
-0.027309
0.010575
0.119117
0.089607
0.004575
0.047911
-0.023704
-0.053921
-0.054298
-0.035665
-0.028526
-0.013703
-0.015353
0.029953
0.040138
0.066576
-0.019577
-0.028817
-0.027862
-0.031514
-0.031467
-0.046369
-0.069601
-0.060540
0.091361
-0.030917
-0.017803
0.070311
0.128383
-0.005412
-0.068124
-0.021923
-0.005045
-0.015696
-0.021787
0.000606
-0.005093
-0.004645
0.040579
0.063184
0.051547
0.042462
0.011390
0.029888
0.022918
0.011589
-0.069770
-0.084572
-0.076497
-0.067667
-0.039800
-0.012022
-0.002643
-0.008457
-0.041091
-0.003555
0.051362
0.049025
0.021542
0.017828
-0.029679
-0.007263
0.001280
0.001624
0.011185
0.002938
0.012318
0.014324
0.055054
0.020470
0.039042
0.018980
-0.000225
-0.033979
-0.031357
-0.033333
-0.017215
-0.010581
0.003373
0.117745
0.154477
-0.054835
-0.061037
-0.042696
-0.019611
-0.006411
-0.035264
0.001217
0.026847
0.018313
0.023702
0.030347
0.049096
0.039945
0.011599
-0.049235
-0.058493
-0.052124
-0.078663
-0.072561
-0.060931
-0.027149
-0.001168
0.103037
0.026236
-0.021081
-0.046422
0.011481
0.067180
-0.018465
0.018136
-0.011456
-0.010948
-0.002804
0.002042
0.007728
-0.001281
0.001361
0.068422
0.024891
0.021387
0.017853
0.002415
-0.022553
-0.024076
-0.001522
-0.023046
0.001701
0.098479
0.121735
-0.081730
-0.107317
-0.025888
-0.035380
-0.045723
-0.051704
-0.017442
0.017969
-0.012531
-0.022793
0.087003
0.079777
0.067846
0.029762
0.011704
-0.006372
-0.016972
-0.000135
-0.019821
-0.098929
0.050984
0.130644
0.029815
-0.090386
0.122928
0.074431
0.059533
0.032206
0.047810
0.203476
0.102251
0.041340
0.044623
0.008338
-0.042032
-0.080514
-0.037193
0.180203
0.113285
-0.272266
-0.101311
0.039931
0.029675
-0.122446
-0.144837
-0.109316
-0.110549
-0.029360
0.089571
0.260360
0.060366
-0.145842
-0.191479
-0.172396
-0.087950
-0.023107
0.065652
-0.024599
0.012141
0.102191
0.075559
0.060731
0.038632
0.002930
-0.094032
-0.086822
0.021874
0.106590
0.074149
0.023596
-0.056340
-0.110598
-0.137731
-0.134082
-0.022283
0.131051
0.051565
0.056659
-0.016417
0.060786
0.111052
-0.114811
-0.072787
0.280118
0.112319
0.106923
-0.002474
0.275863
-0.403192
-0.104438
0.084087
-0.024411
0.058382
-0.126693
-0.096207
-0.107385
-0.099374
-0.028003
0.221501
0.256464
-0.195914
-0.171972
-0.155909
-0.088585
0.050972
0.063162
-0.002521
0.112569
0.099289
0.044657
0.043198
0.023295
-0.101786
-0.125614
0.162167
0.101411
0.036742
-0.038864
-0.113626
-0.119400
-0.160032
-0.128202
0.028639
0.046947
0.115168
0.087887
0.087905
0.065429
0.075016
-0.093575
-0.067177
-0.126974
-0.058556
0.250292
0.261458
0.010599
0.016105
-0.186113
-0.144792
-0.098745
0.015117
0.051829
0.013673
-0.016723
0.012917
0.046437
0.056860
0.032566
-0.088447
-0.106703
-0.114103
-0.058845
0.101063
0.113388
0.058460
