-0.485260, -0.743973, 0.329358, 0.947338
-0.484532, -0.746083, 0.328267, 0.948246
-0.484260, -0.748645, 0.328746, 0.950290
-0.485828, -0.749053, 0.328496, 0.951325
-0.485043, -0.748851, 0.327201, 0.950319
-0.198524, -0.900829, 0.115449, 0.929641
-0.198332, -0.898803, 0.114983, 0.927579
-0.197205, -0.899541, 0.116120, 0.928196
-0.197719, -0.901531, 0.117726, 0.930435
-0.196463, -0.898297, 0.118490, 0.927132
-0.195620, -0.900128, 0.118009, 0.928667
-0.189518, -0.929168, 0.116896, 0.955476
-0.179547, -0.932725, 0.115700, 0.956869
-0.172964, -0.933458, 0.111900, 0.955920
-0.167904, -0.931559, 0.107705, 0.952678
-0.163735, -0.932600, 0.108116, 0.953017
-0.159699, -0.932493, 0.110917, 0.952549
-0.157215, -0.931923, 0.113145, 0.951840
-0.156316, -0.928852, 0.116121, 0.949044
-0.145871, -0.931492, 0.110041, 0.949245
-0.138959, -0.932729, 0.107687, 0.949152
-0.111083, -0.969292, 0.107905, 0.981586
-0.090976, -1.004543, 0.126099, 1.016506
-0.095221, -1.033211, 0.148882, 1.048217
-0.117168, -1.054253, 0.182602, 1.076346
-0.148928, -1.068531, 0.224893, 1.102050
-0.183405, -1.062603, 0.262730, 1.109861
-0.220421, -1.047131, 0.282748, 1.106804
-0.247222, -1.038334, 0.301917, 1.109239
-0.266458, -1.035258, 0.308941, 1.112746
-0.271925, -1.029932, 0.309615, 1.109308
-0.267013, -1.028460, 0.318685, 1.109318
-0.259829, -1.005241, 0.315362, 1.085114
-0.255658, -0.951563, 0.300018, 1.029972
-0.246373, -0.917793, 0.284954, 0.992090
-0.230867, -0.904675, 0.255452, 0.967983
-0.210052, -0.901788, 0.237288, 0.955849
-0.195436, -0.914452, 0.234865, 0.964147
-0.193170, -0.949159, 0.257688, 1.002308
-0.195998, -1.008333, 0.270236, 1.062158
-0.197492, -1.039368, 0.243676, 1.085664
-0.213339, -1.047373, 0.216190, 1.090523
-0.247723, -1.074287, 0.245078, 1.129390
-0.254503, -1.064652, 0.317074, 1.139645
-0.300486, -1.066034, 0.339208, 1.158354
-0.315885, -1.058652, 0.379543, 1.168152
-0.301584, -1.023577, 0.380112, 1.132761
-0.279564, -0.990896, 0.389963, 1.100955
-0.243254, -0.961222, 0.433943, 1.082325
-0.213177, -0.948755, 0.467268, 1.078851
-0.197961, -0.943135, 0.465619, 1.070277
-0.184181, -0.920451, 0.452656, 1.042137
-0.176464, -0.886875, 0.460747, 1.014877
-0.167998, -0.844927, 0.438351, 0.966580
-0.174315, -0.845592, 0.420351, 0.960264
-0.183812, -0.857186, 0.401634, 0.964294
-0.180617, -0.879270, 0.387720, 0.977786
-0.160569, -0.915814, 0.375402, 1.002708
-0.120975, -0.969152, 0.362573, 1.041801
-0.082029, -1.019488, 0.364364, 1.085747
-0.077633, -1.064281, 0.375996, 1.131413
-0.089424, -1.067313, 0.404941, 1.145046
-0.111287, -1.068712, 0.461617, 1.169453
-0.160528, -1.091297, 0.486512, 1.205567
-0.235057, -1.114357, 0.520478, 1.252174
-0.301604, -1.142203, 0.497807, 1.281954
-0.323665, -1.125634, 0.483354, 1.267061
-0.307150, -1.084951, 0.470064, 1.221647
-0.279321, -1.086660, 0.444103, 1.206680
-0.251910, -1.050186, 0.429123, 1.162108
-0.219053, -0.982788, 0.395319, 1.081726
-0.188645, -0.907105, 0.362486, 0.994898
-0.173037, -0.917812, 0.347358, 0.996483
-0.136099, -0.953697, 0.391640, 1.039925
-0.133224, -1.045685, 0.455590, 1.148376
-0.154493, -1.086987, 0.415228, 1.173808
-0.227245, -1.130292, 0.473981, 1.246538
-0.227882, -1.108287, 0.484206, 1.230726
-0.258988, -1.089636, 0.525117, 1.236984
-0.297840, -1.065753, 0.578933, 1.248881
-0.307876, -1.057072, 0.569153, 1.239405
-0.288371, -1.026516, 0.572226, 1.210097
-0.266154, -1.002829, 0.604759, 1.200932
-0.250183, -0.984276, 0.609598, 1.184483
-0.234293, -0.959723, 0.585833, 1.148548
-0.225728, -0.919729, 0.549479, 1.094889
-0.214019, -0.853050, 0.525541, 1.024545
-0.209976, -0.860480, 0.488935, 1.011718
-0.199471, -0.848868, 0.468565, 0.989909
-0.193936, -0.882976, 0.439739, 1.005300
-0.198214, -0.914407, 0.425879, 1.028008
-0.169046, -0.960682, 0.408648, 1.057582
-0.129171, -1.000592, 0.378073, 1.077408
-0.095983, -1.048804, 0.379763, 1.119564
-0.088179, -1.095954, 0.406383, 1.172193
-0.114843, -1.100914, 0.467389, 1.201521
-0.134909, -1.088977, 0.500556, 1.206079
-0.178718, -1.087436, 0.530578, 1.223099
-0.263342, -1.125103, 0.592990, 1.298785
-0.335629, -1.177744, 0.607575, 1.367068
-0.344244, -1.161198, 0.608141, 1.355257
-0.306574, -1.126697, 0.589484, 1.308023
-0.253136, -1.101263, 0.534667, 1.250091
-0.225976, -1.048816, 0.499866, 1.183616
-0.225405, -0.996058, 0.456505, 1.118631
-0.176610, -0.932404, 0.419943, 1.037748
-0.153149, -0.954024, 0.467617, 1.073444
-0.182621, -1.045979, 0.558453, 1.199705
-0.191282, -1.128673, 0.554042, 1.271792
-0.210330, -1.115268, 0.486547, 1.234824
-0.233090, -1.103307, 0.508932, 1.237186
-0.222738, -1.060891, 0.532468, 1.207735
-0.262473, -1.071183, 0.581555, 1.246809
-0.302691, -1.072667, 0.604199, 1.267790
-0.290006, -1.044995, 0.568817, 1.224611
-0.254171, -1.020869, 0.554412, 1.189180
-0.219655, -1.004196, 0.600609, 1.190541
-0.207889, -1.001714, 0.619583, 1.196048
-0.191869, -0.975879, 0.600163, 1.161615
-0.186622, -0.920134, 0.567911, 1.097269
-0.179614, -0.825358, 0.545134, 1.005310
-0.196402, -0.821548, 0.513462, 0.988513
-0.212931, -0.831297, 0.482547, 0.984503
-0.194018, -0.880444, 0.459220, 1.011785
-0.141323, -0.959619, 0.434157, 1.062701
-0.092027, -1.008830, 0.403250, 1.090329
-0.059621, -1.091379, 0.404740, 1.165537
-0.029716, -1.129123, 0.436530, 1.210933
-0.059786, -1.151028, 0.496057, 1.254795
-0.092267, -1.147693, 0.529159, 1.267171
-0.119759, -1.137585, 0.561749, 1.274364
-0.183032, -1.151529, 0.634739, 1.327559
-0.267604, -1.199519, 0.639282, 1.385330
-0.287172, -1.178221, 0.643952, 1.373079
-0.232062, -1.150631, 0.640563, 1.337208
-0.177159, -1.138901, 0.615918, 1.306841
-0.146009, -1.079062, 0.552309, 1.220958
-0.129541, -0.947713, 0.497344, 1.078096
-0.128185, -0.972814, 0.510859, 1.106244
-0.124199, -1.062877, 0.589946, 1.221953
-0.173666, -1.143870, 0.539071, 1.276400
-0.211759, -1.139835, 0.496530, 1.261192
-0.193727, -1.149381, 0.576963, 1.300574
-0.252032, -1.119103, 0.627505, 1.307545
-0.268111, -1.075855, 0.631804, 1.276136
-0.275797, -1.056299, 0.612224, 1.251659
-0.249122, -1.026864, 0.629347, 1.229873
-0.192977, -1.006838, 0.658074, 1.218206
-0.168345, -1.001815, 0.705020, 1.236538
-0.153349, -0.983932, 0.688672, 1.210747
-0.146924, -0.938277, 0.642837, 1.146817
-0.161375, -0.865750, 0.603369, 1.067529
-0.181908, -0.859673, 0.570989, 1.047930
-0.175088, -0.870892, 0.514046, 1.026329
-0.139853, -0.889132, 0.490466, 1.025022
-0.116753, -0.964303, 0.472666, 1.080243
-0.072125, -1.007734, 0.444789, 1.103888
-0.041342, -1.086603, 0.453575, 1.178196
-0.022056, -1.132316, 0.466633, 1.224897
-0.042879, -1.164325, 0.505228, 1.269940
-0.063513, -1.159842, 0.536725, 1.279586
-0.097145, -1.157610, 0.606398, 1.310426
-0.181683, -1.209253, 0.655726, 1.387544
-0.257898, -1.243184, 0.653681, 1.428046
-0.269857, -1.219574, 0.662544, 1.413912
-0.239104, -1.189147, 0.664579, 1.383079
-0.199426, -1.163111, 0.618057, 1.332139
-0.175862, -1.109460, 0.561336, 1.255758
-0.160395, -1.026709, 0.510910, 1.157967
-0.143719, -0.937504, 0.438710, 1.045005
-0.124047, -0.945529, 0.486051, 1.070354
-0.140133, -1.038339, 0.629414, 1.222272
-0.203262, -1.101614, 0.577483, 1.260300
-0.240760, -1.096715, 0.578647, 1.263164
-0.263795, -1.044916, 0.604892, 1.235852
-0.289758, -1.075111, 0.642795, 1.285694
-0.290780, -1.072407, 0.673378, 1.299249
-0.272138, -1.040781, 0.636867, 1.250153
-0.230755, -1.007979, 0.632440, 1.212126
-0.197643, -0.983410, 0.681287, 1.212563
-0.173876, -0.966812, 0.679100, 1.194209
-0.163667, -0.925061, 0.639580, 1.136480
-0.164409, -0.858983, 0.595089, 1.057834
-0.182251, -0.835010, 0.587768, 1.037269
-0.191808, -0.860560, 0.554916, 1.041770
-0.169965, -0.894153, 0.520799, 1.048632
-0.106716, -0.942374, 0.474747, 1.060585
-0.050027, -0.991994, 0.458432, 1.093945
-0.030057, -1.071026, 0.494058, 1.179870
-0.027841, -1.115558, 0.516952, 1.229831
-0.085485, -1.128971, 0.593286, 1.278230
-0.133316, -1.127005, 0.639070, 1.302430
-0.189499, -1.140781, 0.752431, 1.379654
-0.276282, -1.176963, 0.756214, 1.425985
-0.325414, -1.163528, 0.736072, 1.414742
-0.309868, -1.124812, 0.725742, 1.374016
-0.275659, -1.131226, 0.692227, 1.354562
-0.230201, -1.076805, 0.626090, 1.266685
-0.192565, -1.014404, 0.562722, 1.175905
-0.156142, -0.952031, 0.510211, 1.091356
-0.130639, -0.892052, 0.463376, 1.013677
-0.112474, -0.990247, 0.585966, 1.156113
-0.153294, -1.078554, 0.572266, 1.230556
-0.238761, -1.110575, 0.624156, 1.296131
-0.295489, -1.081267, 0.662551, 1.302085
-0.347458, -1.061260, 0.692216, 1.313835
-0.379596, -1.044122, 0.705759, 1.316199
-0.339415, -1.013922, 0.673965, 1.263910
-0.294025, -0.989038, 0.708414, 1.251598
-0.266468, -0.966661, 0.740465, 1.246486
-0.248271, -0.940659, 0.733778, 1.218568
-0.221505, -0.897845, 0.697994, 1.158614
-0.201538, -0.825787, 0.652875, 1.071815
-0.195890, -0.805726, 0.596247, 1.021311
-0.177261, -0.824746, 0.545126, 1.004385
-0.172531, -0.863083, 0.526686, 1.025709
-0.139366, -0.898318, 0.501055, 1.038006
-0.103434, -0.931048, 0.487540, 1.056051
-0.058717, -1.011098, 0.509825, 1.133882
-0.078137, -1.026025, 0.566251, 1.174510
-0.125564, -1.052435, 0.623903, 1.229895
-0.152756, -1.066517, 0.705617, 1.287901
-0.222725, -1.106765, 0.777351, 1.370696
-0.291277, -1.133291, 0.784558, 1.408801
-0.301401, -1.111552, 0.790749, 1.397024
-0.263751, -1.048875, 0.784738, 1.336233
-0.217202, -1.036775, 0.741099, 1.292790
-0.187363, -0.991581, 0.669068, 1.210780
-0.172837, -0.946956, 0.608085, 1.138581
-0.159583, -0.872323, 0.533299, 1.034805
-0.161786, -0.972505, 0.669278, 1.191584
-0.236284, -1.062598, 0.685618, 1.286475
-0.299750, -1.042387, 0.755766, 1.321969
-0.375526, -0.966485, 0.769914, 1.291464
-0.360373, -0.937089, 0.738470, 1.246331
-0.379378, -0.891790, 0.691220, 1.190379
-0.352768, -0.891812, 0.730256, 1.205424
-0.324639, -0.908325, 0.791142, 1.247537
-0.292283, -0.902037, 0.791707, 1.235273
-0.255742, -0.878562, 0.755636, 1.186702
-0.231468, -0.827025, 0.686616, 1.099540
-0.216222, -0.754042, 0.614819, 0.996661
-0.227225, -0.767461, 0.572432, 0.984025
-0.223570, -0.803699, 0.540930, 0.994244
-0.201773, -0.854204, 0.516589, 1.018450
-0.146771, -0.907963, 0.488472, 1.041415
-0.109902, -0.974035, 0.517668, 1.108514
-0.081613, -1.050989, 0.563187, 1.195164
-0.104930, -1.076591, 0.610738, 1.242199
-0.117980, -1.069757, 0.665369, 1.265312
-0.140307, -1.062568, 0.723060, 1.292886
-0.200556, -1.108142, 0.783990, 1.372167
-0.259604, -1.129316, 0.812516, 1.415250
-0.269864, -1.079826, 0.818323, 1.381486
-0.253042, -1.069444, 0.793775, 1.355662
-0.221502, -1.020865, 0.726169, 1.272222
-0.199913, -1.002486, 0.681909, 1.228798
-0.177921, -0.960365, 0.582567, 1.137252
-0.163583, -0.863907, 0.509864, 1.016394
-0.223397, -0.913657, 0.512195, 1.070989
-0.357147, -0.950529, 0.602725, 1.180820
-0.388308, -0.910133, 0.716925, 1.221928
-0.417191, -0.970109, 0.738195, 1.288446
-0.434196, -0.905751, 0.747692, 1.252180
-0.398344, -0.869201, 0.709437, 1.190584
-0.346352, -0.872161, 0.688752, 1.164046
-0.308756, -0.861647, 0.729885, 1.170683
-0.283246, -0.858069, 0.711519, 1.150118
-0.257825, -0.824046, 0.657157, 1.085072
-0.234391, -0.737050, 0.589688, 0.972581
-0.198909, -0.787915, 0.541563, 0.976558
-0.160607, -0.830056, 0.504900, 0.984739
-0.086086, -0.891745, 0.478739, 1.015781
-0.070882, -0.938407, 0.468929, 1.051440
-0.061407, -0.993261, 0.485889, 1.107442
-0.080938, -0.981643, 0.543851, 1.125143
-0.141346, -1.005982, 0.598602, 1.179111
-0.182407, -1.034031, 0.684225, 1.253258
-0.246718, -1.076791, 0.747801, 1.334000
-0.308274, -1.086430, 0.758665, 1.360491
-0.335960, -1.086567, 0.750827, 1.362806
-0.303704, -1.075601, 0.723444, 1.331362
-0.230804, -1.047160, 0.673914, 1.266481
-0.191675, -0.978266, 0.615556, 1.171602
-0.159350, -0.943608, 0.547704, 1.102618
-0.141061, -0.892439, 0.490575, 1.028110
-0.221845, -0.990596, 0.521116, 1.141077
-0.354892, -0.994981, 0.538171, 1.185565
-0.352789, -0.895037, 0.614217, 1.141409
-0.432480, -0.912741, 0.668401, 1.211155
-0.505863, -0.965441, 0.799725, 1.351863
-0.476631, -0.898330, 0.743486, 1.259740
-0.417614, -0.815228, 0.657011, 1.127236
-0.333529, -0.800400, 0.683828, 1.104311
-0.294648, -0.797397, 0.704637, 1.104162
-0.265406, -0.782185, 0.676263, 1.067514
-0.282429, -0.755139, 0.618058, 1.015873
-0.289150, -0.761528, 0.586631, 1.003827
-0.272199, -0.795710, 0.564206, 1.012707
-0.212204, -0.845977, 0.535478, 1.023447
-0.144224, -0.899617, 0.501762, 1.040133
-0.084998, -0.997050, 0.547034, 1.140430
-0.079636, -1.049032, 0.550778, 1.187505
-0.115652, -1.028575, 0.625457, 1.209355
-0.137355, -1.022027, 0.705457, 1.249430
-0.170803, -1.061541, 0.764560, 1.319316
-0.239335, -1.096128, 0.792513, 1.373628
-0.265186, -1.097753, 0.808507, 1.388909
-0.270685, -1.093243, 0.787477, 1.374253
-0.229354, -1.079235, 0.764868, 1.342525
-0.213748, -1.009006, 0.703286, 1.248356
-0.186642, -0.979688, 0.614730, 1.171545
-0.174956, -0.910479, 0.508045, 1.057210
-0.225705, -1.006819, 0.655518, 1.222428
-0.259607, -1.009760, 0.658066, 1.232908
-0.332079, -0.982073, 0.734977, 1.270801
-0.362998, -0.928453, 0.778946, 1.265128
-0.378208, -0.940612, 0.817223, 1.302170
-0.388929, -0.962542, 0.884820, 1.364060
-0.367941, -0.914586, 0.782945, 1.258909
-0.303266, -0.892691, 0.758263, 1.209889
-0.275447, -0.880869, 0.761653, 1.196627
-0.248235, -0.853744, 0.743201, 1.158813
-0.218324, -0.818829, 0.682536, 1.088118
-0.218524, -0.759846, 0.630120, 1.011024
-0.195231, -0.802255, 0.601856, 1.021743
-0.144513, -0.839065, 0.556397, 1.017100
-0.092605, -0.869610, 0.534098, 1.024724
-0.064626, -0.957174, 0.591583, 1.127089
-0.072479, -0.960280, 0.637539, 1.154923
-0.094713, -0.983263, 0.692974, 1.206644
-0.179114, -1.015875, 0.776196, 1.290954
-0.247287, -1.054113, 0.805701, 1.349614
-0.303633, -1.019684, 0.810249, 1.337330
-0.314707, -1.015832, 0.790503, 1.325085
-0.292224, -1.004500, 0.770994, 1.299557
-0.250346, -0.988622, 0.725723, 1.251687
-0.212780, -0.972542, 0.679855, 1.205536
-0.181191, -0.921968, 0.622553, 1.127132
-0.170245, -0.870893, 0.553606, 1.045906
-0.192366, -0.971219, 0.584221, 1.149602
-0.286208, -0.959356, 0.597062, 1.165660
-0.307910, -0.934280, 0.670971, 1.190752
-0.414353, -0.861966, 0.713505, 1.193215
-0.468570, -0.879399, 0.748935, 1.246516
-0.422769, -0.890337, 0.782548, 1.258497
-0.357439, -0.841500, 0.689415, 1.145067
-0.293250, -0.818149, 0.692928, 1.111536
-0.267298, -0.826156, 0.725273, 1.131372
-0.229075, -0.794493, 0.705523, 1.086948
-0.210921, -0.785639, 0.643107, 1.036968
-0.227419, -0.796919, 0.616065, 1.032635
-0.197506, -0.813035, 0.583671, 1.020150
-0.143792, -0.871414, 0.554053, 1.042599
-0.070583, -0.936048, 0.531503, 1.078732
-0.035280, -1.029813, 0.569500, 1.177323
-0.030726, -1.055178, 0.586937, 1.207824
-0.086648, -1.071922, 0.639489, 1.251188
-0.129496, -1.099492, 0.681789, 1.300188
-0.187780, -1.142201, 0.761467, 1.385538
-0.274927, -1.190561, 0.755779, 1.436740
-0.311601, -1.173388, 0.749301, 1.426670
-0.298114, -1.131972, 0.740557, 1.385156
-0.267284, -1.097097, 0.700783, 1.328969
-0.214272, -1.023742, 0.639525, 1.225950
-0.188258, -0.951803, 0.566146, 1.123339
-0.172784, -0.906350, 0.504728, 1.051701
-0.154956, -1.003105, 0.652534, 1.206662
-0.188349, -1.004051, 0.645071, 1.208184
-0.307403, -0.963384, 0.688170, 1.223185
-0.304739, -0.895153, 0.759131, 1.212619
-0.322667, -0.895215, 0.779945, 1.230382
-0.402720, -0.874323, 0.823959, 1.267096
-0.394370, -0.893450, 0.783083, 1.251798
-0.333713, -0.868660, 0.753717, 1.197507
-0.293191, -0.856319, 0.773033, 1.190304
-0.259707, -0.832045, 0.755381, 1.153407
-0.229404, -0.771732, 0.695824, 1.064128
-0.242515, -0.782801, 0.651896, 1.047167
-0.215565, -0.809912, 0.613851, 1.038864
-0.149632, -0.842160, 0.603862, 1.047030
-0.089957, -0.894858, 0.571043, 1.065342
-0.058047, -0.971822, 0.588519, 1.137613
-0.026487, -1.004354, 0.600636, 1.170552
-0.074343, -1.010102, 0.634103, 1.194956
-0.124823, -1.038211, 0.680447, 1.247586
-0.178140, -1.101308, 0.760455, 1.350150
-0.266162, -1.137104, 0.738038, 1.381502
-0.312974, -1.121902, 0.749107, 1.384838
-0.314711, -1.089746, 0.741064, 1.354904
-0.279251, -1.054668, 0.717875, 1.306005
-0.230282, -1.027767, 0.673672, 1.250267
-0.190061, -0.977128, 0.612712, 1.168897
-0.191962, -0.914338, 0.552540, 1.085433
-0.178118, -0.832847, 0.491422, 0.983288
-0.214236, -0.885345, 0.499501, 1.038862
-0.353393, -0.938149, 0.631782, 1.184972
-0.386173, -0.877199, 0.693925, 1.183275
-0.404775, -0.887600, 0.668771, 1.182764
-0.458334, -0.837427, 0.690123, 1.177975
-0.462036, -0.864061, 0.699499, 1.203901
-0.409832, -0.870951, 0.686333, 1.182189
-0.363076, -0.866531, 0.707279, 1.175986
-0.321410, -0.856584, 0.707534, 1.156566
-0.271630, -0.793990, 0.668264, 1.072744
-0.272092, -0.770779, 0.622831, 1.027644
-0.280426, -0.766778, 0.564655, 0.992685
-0.252903, -0.813417, 0.540357, 1.008758
-0.212885, -0.879057, 0.507220, 1.036983
-0.118979, -0.942731, 0.483939, 1.066346
-0.089871, -0.992221, 0.466796, 1.100217
-0.069801, -1.000328, 0.490781, 1.116420
-0.112150, -0.991601, 0.548055, 1.138514
-0.152049, -1.047923, 0.642076, 1.238355
-0.205486, -1.114498, 0.750659, 1.359345
-0.294857, -1.150008, 0.758512, 1.408829
-0.332387, -1.140425, 0.759834, 1.410106
-0.304689, -1.102898, 0.732809, 1.358760
-0.224629, -1.105358, 0.702961, 1.329070
-0.198813, -1.091836, 0.669891, 1.296297
-0.223495, -0.976357, 0.562808, 1.148902
-0.199320, -0.908999, 0.509996, 1.061181
-0.223189, -1.005488, 0.625946, 1.205250
-0.282534, -1.062213, 0.625829, 1.264826
-0.388097, -1.037111, 0.706668, 1.313620
-0.413375, -0.964205, 0.767983, 1.300141
-0.436680, -0.972479, 0.766698, 1.313100
-0.455157, -0.961817, 0.849500, 1.361584
-0.442385, -0.939715, 0.803718, 1.313290
-0.394927, -0.923726, 0.767701, 1.264359
-0.332020, -0.912001, 0.809640, 1.263922
-0.280790, -0.899466, 0.795598, 1.233231
-0.244166, -0.865540, 0.737245, 1.162887
-0.220295, -0.820148, 0.662975, 1.077362
-0.225830, -0.841317, 0.600466, 1.058004
-0.190065, -0.877228, 0.576939, 1.067011
-0.120116, -0.928100, 0.525817, 1.073444
-0.075150, -0.968637, 0.503290, 1.094169
-0.019731, -1.059120, 0.511828, 1.176475
-0.043269, -1.033571, 0.562702, 1.177614
-0.076936, -1.040738, 0.627813, 1.217868
-0.123624, -1.089742, 0.705047, 1.303807
-0.216277, -1.127366, 0.755727, 1.374356
-0.255041, -1.130964, 0.760248, 1.386399
-0.259463, -1.115053, 0.741451, 1.363970
-0.249604, -1.069274, 0.717056, 1.311419
-0.198564, -1.048959, 0.665444, 1.257998
-0.172414, -1.053439, 0.592179, 1.220711
-0.165978, -0.951210, 0.550516, 1.111493
-0.148358, -0.884584, 0.482014, 1.018252
-0.159324, -0.983532, 0.533263, 1.130083
-0.228154, -0.981235, 0.512710, 1.130375
-0.230036, -0.974998, 0.567581, 1.151384
-0.296134, -0.964271, 0.631423, 1.190046
-0.357485, -0.947421, 0.703915, 1.233247
-0.346820, -0.960419, 0.734473, 1.257831
-0.310703, -0.945188, 0.664958, 1.196698
-0.257613, -0.897653, 0.679884, 1.155157
-0.235059, -0.887131, 0.710624, 1.160707
-0.202658, -0.852835, 0.686804, 1.113597
-0.170372, -0.793651, 0.620338, 1.021630
-0.182652, -0.804409, 0.563873, 0.999194
-0.161635, -0.832377, 0.513775, 0.991434
-0.116209, -0.879519, 0.471543, 1.004695
-0.071159, -0.955943, 0.424614, 1.048422
-0.026638, -1.047705, 0.455181, 1.142622
-0.017515, -1.077429, 0.450955, 1.168127
-0.071332, -1.084255, 0.495506, 1.194246
-0.104463, -1.129446, 0.575653, 1.271982
-0.183684, -1.203736, 0.679737, 1.394547
-0.273724, -1.203909, 0.699207, 1.418877
-0.300596, -1.187098, 0.698621, 1.409833
-0.281252, -1.141458, 0.683306, 1.359755
-0.204888, -1.112831, 0.651437, 1.305658
-0.171995, -1.081684, 0.594273, 1.246107
-0.149666, -1.041351, 0.516792, 1.172128
-0.140082, -0.944984, 0.463944, 1.062008
-0.130985, -1.037849, 0.602431, 1.207150
-0.194749, -1.058898, 0.629588, 1.247226
-0.287969, -1.095931, 0.712578, 1.338566
-0.351478, -1.027149, 0.766002, 1.328658
-0.363173, -0.980080, 0.752657, 1.288000
-0.385808, -1.025335, 0.796792, 1.354635
-0.345670, -1.010108, 0.784919, 1.325105
-0.285337, -1.009779, 0.776869, 1.305602
-0.249495, -0.985881, 0.790060, 1.287791
-0.221939, -0.944485, 0.739561, 1.219942
-0.186184, -0.884982, 0.679846, 1.131392
-0.169105, -0.831092, 0.611260, 1.045442
-0.198211, -0.854288, 0.566119, 1.043832
-0.142136, -0.893631, 0.514043, 1.040682
-0.078159, -0.936122, 0.454565, 1.043581
-0.058886, -0.996325, 0.454292, 1.096591
-0.021612, -1.044209, 0.461148, 1.141708
-0.062994, -1.040636, 0.515764, 1.163144
-0.095057, -1.065290, 0.575484, 1.214521
-0.128566, -1.150021, 0.657598, 1.330982
-0.233984, -1.189158, 0.699825, 1.399500
-0.276594, -1.203501, 0.731184, 1.435113
-0.284666, -1.173650, 0.732728, 1.412579
-0.265686, -1.135146, 0.709309, 1.364648
-0.232491, -1.114454, 0.662369, 1.317115
-0.210940, -1.045133, 0.586495, 1.216871
-0.164175, -0.982225, 0.545209, 1.135329
-0.152652, -0.910391, 0.483468, 1.042044
-0.171297, -1.006739, 0.541868, 1.156065
-0.315923, -1.048646, 0.629313, 1.263131
-0.340358, -0.968512, 0.738695, 1.264725
-0.385615, -0.956163, 0.741818, 1.270134
-0.437668, -0.864394, 0.716510, 1.205038
-0.432574, -0.843667, 0.698323, 1.177518
-0.382192, -0.851284, 0.702301, 1.167896
-0.350528, -0.875859, 0.780109, 1.224160
-0.322052, -0.861086, 0.802021, 1.220010
-0.263621, -0.826569, 0.750804, 1.147354
-0.242179, -0.768514, 0.675656, 1.051559
-0.259919, -0.757253, 0.627143, 1.017005
-0.210130, -0.788737, 0.593829, 1.009403
-0.147512, -0.814113, 0.557253, 0.997532
-0.099118, -0.857218, 0.519788, 1.007386
-0.063232, -0.958921, 0.551570, 1.108042
-0.040692, -0.973415, 0.567797, 1.127646
-0.078626, -0.981995, 0.606614, 1.156925
-0.126575, -1.032365, 0.690360, 1.248357
-0.194123, -1.088942, 0.783283, 1.355363
-0.284448, -1.119917, 0.792812, 1.401312
-0.318732, -1.121421, 0.793306, 1.410146
-0.263402, -1.095097, 0.794919, 1.378591
-0.189790, -1.090759, 0.764750, 1.345592
-0.121968, -1.089229, 0.717676, 1.310097
-0.155248, -0.933348, 0.602570, 1.121754
-0.158555, -0.896389, 0.557526, 1.067468
-0.135671, -0.990356, 0.610900, 1.171499
-0.147247, -1.078652, 0.678454, 1.282760
-0.253361, -1.141184, 0.760317, 1.394481
-0.238105, -1.069362, 0.814479, 1.365139
-0.305777, -1.035104, 0.799464, 1.343161
-0.333810, -0.943632, 0.768448, 1.261897
-0.329155, -0.977107, 0.808949, 1.310526
-0.309511, -0.989106, 0.815894, 1.319019
-0.270472, -0.981603, 0.843250, 1.322033
-0.239562, -0.967083, 0.833412, 1.298929
-0.203178, -0.893835, 0.754518, 1.187232
-0.182766, -0.821044, 0.682206, 1.083015
-0.175669, -0.744966, 0.607253, 0.977031
-0.185507, -0.772095, 0.563877, 0.973911
-0.156474, -0.807299, 0.525940, 0.976129
-0.107274, -0.866351, 0.496979, 1.004519
-0.058734, -0.938603, 0.464319, 1.048817
-0.036647, -1.033248, 0.493612, 1.145686
-0.014399, -1.076845, 0.477538, 1.178069
-0.068816, -1.052166, 0.525639, 1.178170
-0.097620, -1.082863, 0.591661, 1.237814
-0.131825, -1.131606, 0.709991, 1.342385
-0.211630, -1.182645, 0.753752, 1.418301
-0.257064, -1.194990, 0.789798, 1.455288
-0.233516, -1.163057, 0.774349, 1.416633
-0.206614, -1.113677, 0.744598, 1.355504
-0.191485, -1.062255, 0.678052, 1.274679
-0.194292, -1.007765, 0.598167, 1.187915
-0.184794, -0.952790, 0.547534, 1.114339
-0.181786, -0.856147, 0.478359, 0.997427
-0.188432, -0.957958, 0.532311, 1.112001
-0.247080, -0.956340, 0.515259, 1.114059
-0.271864, -0.973369, 0.582618, 1.166534
-0.337948, -0.943091, 0.668781, 1.204532
-0.371998, -0.901358, 0.703364, 1.202310
-0.389260, -0.928000, 0.727848, 1.241962
-0.376921, -0.904375, 0.680306, 1.192804
-0.318976, -0.896779, 0.682888, 1.171449
-0.283755, -0.880374, 0.722081, 1.173447
-0.245401, -0.854531, 0.705669, 1.135083
-0.214821, -0.812522, 0.658123, 1.067458
-0.226251, -0.793607, 0.600577, 1.020634
-0.214012, -0.818587, 0.551161, 1.009784
-0.176765, -0.852426, 0.530459, 1.019442
-0.140311, -0.883142, 0.501140, 1.025070
-0.130237, -0.926594, 0.511549, 1.066405
-0.113449, -0.978372, 0.500089, 1.104614
-0.138236, -0.971002, 0.557983, 1.128406
-0.154993, -1.006271, 0.639233, 1.202174
-0.190958, -1.057703, 0.730980, 1.299820
-0.290858, -1.110307, 0.776616, 1.385826
-0.308943, -1.103490, 0.791097, 1.392470
-0.316429, -1.074801, 0.766178, 1.357333
-0.281560, -1.068431, 0.764976, 1.343879
-0.233503, -1.038059, 0.716614, 1.282819
-0.193626, -1.011313, 0.636737, 1.210652
-0.179329, -0.938635, 0.585917, 1.120934
-0.175249, -0.883228, 0.518130, 1.038876
-0.167191, -0.982312, 0.627034, 1.177311
-0.266431, -1.037958, 0.760384, 1.313974
-0.320372, -0.975772, 0.797417, 1.300247
-0.368309, -0.956721, 0.796669, 1.298325
-0.410369, -0.864990, 0.779361, 1.234510
-0.407833, -0.837000, 0.724589, 1.179799
-0.363663, -0.835525, 0.706853, 1.153254
-0.326423, -0.871070, 0.751027, 1.195557
-0.303714, -0.885975, 0.769156, 1.211938
-0.270697, -0.868383, 0.731463, 1.167221
-0.245299, -0.827065, 0.673634, 1.094528
-0.196124, -0.773035, 0.626784, 1.014351
-0.194074, -0.811935, 0.575021, 1.013683
-0.157786, -0.840662, 0.547831, 1.015740
-0.110553, -0.879387, 0.500807, 1.018014
-0.082388, -0.923692, 0.502299, 1.054656
-0.058110, -1.015952, 0.508407, 1.137547
-0.061657, -0.986409, 0.543865, 1.128093
-0.110743, -0.994533, 0.580811, 1.157023
-0.152500, -1.036058, 0.653536, 1.234415
-0.205129, -1.098424, 0.733725, 1.336774
-0.275548, -1.113752, 0.728300, 1.358967
-0.290691, -1.099385, 0.728773, 1.350651
-0.275111, -1.084189, 0.720053, 1.330274
-0.231712, -1.085405, 0.690127, 1.306931
-0.192397, -1.092565, 0.641714, 1.281605
-0.173452, -0.960899, 0.600024, 1.146055
-0.151644, -0.907231, 0.559517, 1.076626
-0.088332, -0.981433, 0.609383, 1.158603
-0.091221, -1.064941, 0.626403, 1.238871
-0.195534, -1.064777, 0.658540, 1.267146
-0.213963, -1.013256, 0.728691, 1.266277
-0.291699, -0.974506, 0.722217, 1.247536
-0.370576, -0.889989, 0.704137, 1.193824
-0.391035, -0.910761, 0.720468, 1.225344
-0.377659, -0.915128, 0.717254, 1.222514
-0.326128, -0.922942, 0.765927, 1.242910
-0.285701, -0.913761, 0.783138, 1.236887
-0.242094, -0.873276, 0.741508, 1.170921
-0.212993, -0.828337, 0.676052, 1.090208
-0.203329, -0.778919, 0.615922, 1.013616
-0.195974, -0.782818, 0.570117, 0.988051
-0.193367, -0.806800, 0.544199, 0.992204
-0.181863, -0.856518, 0.509508, 1.013062
-0.146136, -0.909476, 0.500492, 1.048329
-0.112862, -1.004495, 0.525559, 1.139280
-0.082843, -1.036390, 0.538178, 1.170728
-0.113575, -1.040429, 0.596614, 1.204716
-0.140734, -1.061313, 0.684383, 1.270658
-0.213154, -1.120568, 0.795614, 1.390722
-0.307192, -1.185893, 0.817229, 1.472608
-0.336991, -1.138384, 0.806607, 1.435303
-0.304536, -1.091394, 0.782363, 1.376944
-0.271245, -1.091126, 0.755794, 1.354753
-0.235105, -1.090222, 0.698920, 1.316186
-0.246973, -0.958791, 0.681629, 1.202038
-0.221770, -0.907421, 0.620354, 1.121354
-0.197959, -0.847859, 0.546375, 1.027900
-0.244387, -0.950505, 0.632296, 1.167469
-0.349307, -0.994851, 0.665494, 1.246847
-0.327538, -0.955585, 0.751483, 1.259027
-0.372177, -0.948898, 0.732499, 1.255180
-0.383601, -0.869803, 0.714259, 1.189064
-0.364008, -0.888058, 0.736478, 1.209773
-0.328832, -0.880778, 0.730679, 1.190711
-0.281263, -0.881056, 0.763115, 1.199047
-0.251939, -0.877419, 0.769908, 1.194192
-0.222514, -0.850831, 0.733307, 1.145061
-0.198533, -0.810143, 0.667217, 1.068141
-0.219141, -0.801420, 0.624224, 1.039208
-0.229945, -0.805992, 0.584102, 1.021603
-0.228211, -0.827545, 0.545587, 1.017141
-0.165871, -0.860766, 0.495482, 1.006943
-0.074123, -0.906472, 0.463459, 1.020774
-0.057737, -0.958665, 0.481067, 1.074150
-0.039472, -1.003612, 0.508771, 1.125896
-0.077529, -0.974648, 0.578437, 1.136019
-0.111372, -1.024904, 0.658017, 1.223037
-0.184649, -1.079200, 0.775015, 1.341423
-0.270394, -1.124900, 0.798511, 1.405750
-0.308097, -1.129125, 0.817305, 1.427528
-0.282367, -1.108850, 0.812610, 1.403429
-0.237951, -1.076966, 0.765677, 1.342661
-0.202492, -1.044217, 0.678427, 1.261608
-0.180336, -0.997231, 0.638488, 1.197772
-0.157645, -0.951848, 0.554901, 1.113005
-0.149356, -0.879565, 0.487903, 1.016854
-0.151730, -0.958639, 0.516961, 1.099663
-0.250045, -0.977332, 0.569167, 1.158297
-0.277107, -0.952815, 0.695405, 1.211707
-0.342187, -0.965175, 0.712129, 1.247310
-0.384396, -0.891930, 0.686601, 1.189420
-0.379227, -0.863596, 0.658098, 1.150089
-0.315611, -0.864656, 0.695118, 1.153442
-0.272904, -0.893667, 0.758764, 1.203677
-0.244421, -0.913026, 0.762395, 1.214333
-0.211173, -0.885506, 0.727913, 1.165578
-0.189288, -0.828056, 0.658573, 1.074814
-0.195274, -0.807007, 0.618007, 1.035048
-0.180525, -0.835472, 0.587850, 1.037386
-0.140353, -0.875004, 0.550125, 1.043057
-0.101745, -0.924395, 0.492558, 1.052364
-0.067502, -0.979427, 0.510544, 1.106567
-0.032987, -1.035080, 0.489457, 1.145446
-0.055094, -1.024085, 0.539762, 1.158934
-0.057800, -1.067562, 0.610394, 1.231101
-0.100404, -1.116993, 0.696970, 1.320425
-0.204270, -1.167892, 0.733384, 1.394113
-0.230502, -1.175561, 0.748911, 1.412778
-0.238731, -1.133358, 0.742249, 1.375655
-0.191648, -1.108769, 0.716801, 1.334129
-0.148734, -1.100970, 0.672706, 1.298765
-0.149071, -0.996040, 0.584603, 1.164508
-0.136970, -0.946701, 0.531833, 1.094464
-0.136298, -0.886312, 0.469299, 1.012110
-0.142467, -0.985085, 0.595573, 1.159912
-0.178263, -1.043580, 0.626728, 1.230295
-0.297665, -1.040354, 0.711368, 1.294985
-0.274609, -0.949775, 0.774156, 1.255707
-0.315895, -0.977418, 0.759309, 1.277375
-0.358939, -0.991945, 0.798006, 1.322727
-0.356429, -0.985104, 0.766846, 1.298278
-0.303123, -0.981985, 0.739602, 1.266171
-0.254899, -0.968943, 0.816864, 1.292707
-0.232142, -0.948779, 0.790323, 1.256456
-0.201371, -0.899080, 0.744856, 1.184781
-0.186866, -0.847088, 0.682857, 1.103979
-0.171722, -0.779857, 0.633814, 1.019503
-0.160489, -0.809539, 0.578035, 1.007589
-0.146666, -0.840119, 0.549665, 1.014615
-0.117823, -0.869894, 0.495842, 1.008195
-0.094080, -0.896765, 0.458140, 1.011401
-0.061849, -0.994486, 0.475700, 1.104137
-0.054333, -0.994119, 0.528753, 1.127300
-0.081447, -1.000709, 0.593099, 1.166112
-0.098388, -1.046445, 0.637540, 1.229303
-0.176026, -1.121795, 0.738700, 1.354654
-0.259682, -1.176855, 0.739974, 1.414208
-0.295696, -1.159355, 0.739466, 1.406539
-0.281044, -1.117078, 0.740857, 1.369568
-0.235520, -1.108157, 0.716522, 1.340480
-0.192100, -1.063073, 0.672845, 1.272693
-0.174330, -1.020065, 0.600877, 1.196652
-0.159304, -0.961956, 0.521952, 1.105970
-0.151135, -0.884105, 0.497285, 1.025561
-0.163253, -0.983101, 0.556531, 1.141431
-0.219474, -0.985018, 0.573230, 1.160613
-0.239309, -1.001813, 0.597296, 1.190656
-0.278807, -0.946585, 0.661064, 1.187755
-0.291617, -0.931136, 0.687570, 1.193653
-0.304283, -0.927006, 0.675119, 1.186471
-0.290293, -0.913150, 0.657793, 1.162241
-0.250517, -0.915665, 0.688034, 1.172430
-0.228105, -0.911861, 0.737411, 1.194695
-0.206805, -0.867586, 0.726264, 1.150189
-0.186982, -0.818386, 0.669445, 1.073720
-0.199021, -0.814615, 0.599085, 1.030587
-0.185802, -0.787906, 0.554586, 0.981266
-0.173438, -0.806730, 0.515736, 0.973076
-0.151918, -0.846123, 0.499574, 0.994272
-0.117775, -0.899844, 0.452059, 1.013877
-0.104723, -0.954316, 0.454860, 1.062348
-0.064455, -1.046241, 0.459227, 1.144406
-0.077573, -1.036776, 0.504599, 1.155657
-0.069046, -1.059260, 0.549975, 1.195521
-0.062523, -1.074550, 0.615589, 1.239967
-0.118964, -1.094557, 0.703199, 1.306406
-0.207793, -1.161744, 0.745698, 1.396028
-0.245789, -1.160932, 0.744030, 1.400627
-0.239311, -1.134420, 0.741265, 1.376100
-0.204287, -1.111052, 0.714359, 1.336592
-0.169928, -1.065392, 0.663506, 1.266560
-0.162311, -0.989543, 0.608725, 1.173067
-0.153266, -0.917351, 0.534556, 1.072741
-0.134732, -0.976979, 0.574580, 1.141395
-0.138101, -1.066622, 0.632852, 1.247901
-0.207637, -1.099181, 0.642742, 1.290128
-0.219313, -1.113580, 0.684714, 1.325515
-0.280289, -1.120462, 0.721486, 1.361815
-0.314515, -1.067314, 0.720213, 1.325438
-0.327165, -1.036201, 0.683071, 1.283486
-0.292169, -1.009927, 0.689071, 1.257034
-0.253254, -0.995114, 0.729588, 1.259638
-0.226559, -0.988143, 0.763884, 1.269360
-0.203983, -0.938367, 0.717481, 1.198716
-0.186257, -0.881945, 0.666994, 1.121338
-0.165164, -0.816796, 0.611960, 1.033891
-0.170335, -0.795934, 0.570251, 0.993836
-0.170119, -0.807030, 0.494605, 0.961703
-0.144640, -0.839379, 0.469870, 0.972756
-0.119722, -0.922689, 0.459105, 1.037528
-0.081856, -0.989457, 0.428216, 1.081247
-0.059158, -1.058886, 0.441590, 1.148800
-0.029967, -1.075257, 0.443110, 1.163367
-0.059535, -1.068273, 0.491078, 1.177247
-0.083644, -1.083225, 0.560969, 1.222726
-0.114295, -1.111742, 0.636276, 1.286033
-0.183270, -1.161179, 0.719954, 1.378499
-0.257036, -1.171704, 0.737806, 1.408303
-0.275570, -1.127235, 0.730414, 1.371168
-0.233174, -1.101462, 0.716762, 1.334667
-0.170238, -1.087005, 0.679676, 1.293260
-0.174422, -1.057416, 0.628229, 1.242266
-0.189824, -0.944645, 0.597432, 1.133716
-0.186596, -0.917354, 0.517784, 1.069793
-0.149343, -1.013001, 0.635770, 1.205271
-0.187691, -1.068021, 0.671148, 1.275279
-0.223990, -1.098544, 0.725533, 1.335428
-0.261690, -1.022674, 0.780960, 1.313104
-0.297503, -1.026009, 0.774962, 1.319761
-0.331713, -1.009387, 0.797393, 1.328431
-0.332421, -0.993206, 0.791589, 1.312850
-0.297754, -0.982826, 0.813416, 1.310057
-0.273639, -0.967898, 0.850556, 1.317251
-0.256055, -0.944332, 0.833464, 1.285297
-0.230127, -0.899536, 0.781318, 1.213500
-0.204903, -0.843327, 0.713896, 1.123759
-0.175825, -0.777613, 0.656279, 1.032617
-0.167709, -0.799559, 0.616334, 1.023371
-0.147720, -0.840432, 0.587026, 1.035735
-0.109039, -0.881645, 0.554249, 1.047081
-0.066714, -0.938424, 0.515335, 1.072688
-0.042774, -0.990148, 0.527038, 1.122494
-0.005500, -1.051261, 0.504096, 1.165887
-0.033047, -1.018068, 0.544755, 1.155124
-0.058106, -1.024426, 0.614397, 1.195955
-0.082837, -1.050807, 0.672163, 1.250144
-0.159655, -1.135101, 0.741331, 1.365106
-0.231791, -1.171665, 0.768510, 1.420258
-0.243707, -1.133076, 0.763766, 1.388018
-0.222458, -1.096763, 0.752884, 1.348781
-0.158980, -1.104770, 0.715761, 1.325935
-0.129374, -1.113297, 0.645017, 1.293142
-0.096261, -1.009117, 0.624495, 1.190621
-0.097493, -0.941589, 0.557786, 1.098735
-0.122647, -0.874889, 0.487287, 1.008921
-0.121985, -0.938794, 0.511543, 1.076053
-0.200491, -0.937115, 0.541237, 1.100599
-0.188556, -0.930961, 0.615417, 1.131804
-0.267800, -0.923437, 0.661405, 1.167009
-0.359007, -0.882546, 0.710837, 1.188723
-0.368227, -0.880655, 0.686509, 1.175772
-0.350946, -0.875258, 0.665700, 1.154295
-0.297620, -0.865760, 0.726374, 1.168648
-0.280483, -0.862147, 0.771404, 1.190392
-0.250283, -0.834727, 0.741074, 1.143941
-0.222265, -0.786940, 0.689671, 1.069730
-0.219969, -0.774961, 0.636731, 1.026829
-0.210938, -0.769496, 0.588928, 0.991693
-0.194993, -0.788563, 0.582616, 0.999647
-0.167772, -0.809406, 0.569837, 1.003992
-0.121346, -0.844928, 0.546282, 1.013436
-0.084652, -0.936779, 0.573645, 1.101721
-0.065585, -0.982034, 0.612165, 1.159067
-0.071528, -1.005101, 0.680078, 1.215669
-0.095289, -1.048973, 0.769366, 1.304358
-0.174670, -1.100845, 0.876612, 1.418033
-0.249874, -1.104365, 0.890071, 1.440238
-0.309490, -1.110185, 0.887679, 1.454740
-0.320738, -1.078261, 0.887960, 1.433176
-0.276942, -1.071449, 0.870215, 1.407826
-0.211031, -1.056697, 0.825362, 1.357337
-0.168550, -1.045420, 0.750878, 1.298126
-0.137504, -0.942483, 0.650330, 1.153304
-0.132961, -0.842423, 0.577711, 1.030099
-0.102826, -0.933767, 0.634987, 1.133888
-0.107596, -1.003117, 0.650791, 1.200562
-0.212264, -1.001502, 0.654010, 1.214821
-0.191414, -0.975784, 0.692998, 1.212039
-0.266459, -0.972276, 0.762111, 1.263778
-0.322019, -0.918790, 0.802764, 1.261864
-0.320365, -0.873344, 0.735128, 1.185654
-0.302560, -0.876360, 0.705338, 1.164926
-0.239412, -0.877936, 0.743049, 1.174824
-0.213348, -0.892244, 0.786692, 1.208512
-0.184469, -0.871651, 0.757838, 1.169668
-0.176246, -0.821852, 0.699590, 1.093586
-0.168661, -0.784746, 0.638258, 1.025498
-0.159072, -0.779717, 0.588647, 0.989832
-0.142147, -0.807802, 0.554052, 0.989810
-0.133797, -0.828509, 0.538994, 0.997419
-0.103960, -0.871776, 0.505605, 1.013133
-0.093158, -0.923766, 0.519358, 1.063840
-0.064551, -1.010900, 0.539315, 1.147583
-0.067927, -1.001866, 0.583335, 1.161305
-0.079741, -1.022936, 0.651817, 1.215575
-0.125670, -1.066056, 0.727509, 1.296741
-0.208385, -1.111752, 0.823403, 1.399075
-0.239737, -1.120904, 0.836772, 1.419185
-0.271272, -1.092451, 0.828268, 1.397521
-0.243526, -1.060797, 0.813323, 1.358708
-0.189376, -1.036785, 0.772740, 1.306872
-0.146214, -1.007325, 0.712019, 1.242196
-0.132874, -0.949266, 0.635522, 1.150065
-0.139388, -0.853073, 0.572372, 1.036712
-0.128263, -0.928179, 0.610923, 1.118568
-0.126940, -1.022736, 0.693652, 1.242279
-0.171360, -1.042179, 0.675043, 1.253469
-0.222948, -1.055019, 0.701114, 1.286208
-0.235659, -0.991589, 0.752774, 1.267064
-0.253769, -1.045542, 0.818494, 1.351847
-0.251353, -1.025437, 0.827591, 1.341494
-0.251185, -0.984228, 0.730895, 1.251402
-0.229469, -0.973804, 0.734123, 1.240921
-0.211085, -0.965472, 0.794230, 1.267870
-0.189495, -0.968216, 0.794485, 1.266711
-0.168458, -0.932011, 0.745097, 1.205069
-0.154882, -0.875470, 0.682587, 1.120875
-0.146871, -0.795144, 0.633765, 1.027367
-0.120966, -0.815135, 0.587915, 1.012285
-0.076772, -0.839274, 0.577327, 1.021558
-0.016324, -0.864680, 0.560995, 1.030850
0.043381, -0.882882, 0.522667, 1.026909
0.057857, -0.964086, 0.563985, 1.118431
0.046830, -0.984884, 0.580129, 1.144002
-0.021768, -1.002736, 0.618288, 1.178233
-0.059222, -1.006656, 0.691519, 1.222728
-0.130594, -1.046012, 0.763408, 1.301533
-0.243251, -1.099414, 0.817648, 1.391557
-0.324049, -1.114737, 0.810680, 1.415927
-0.328297, -1.072119, 0.795657, 1.374877
-0.291850, -1.011706, 0.762496, 1.300048
-0.241326, -0.977188, 0.710687, 1.232156
-0.206768, -0.973634, 0.659619, 1.194074
-0.173113, -0.901148, 0.609609, 1.101662
-0.157733, -0.846293, 0.543036, 1.017831
-0.156114, -0.941608, 0.579676, 1.116702
-0.132618, -1.034813, 0.640257, 1.224073
-0.200225, -1.012850, 0.610097, 1.199238
-0.242513, -1.032814, 0.580736, 1.209451
-0.256784, -0.997212, 0.643934, 1.214505
-0.292900, -1.049178, 0.713707, 1.302284
-0.327859, -1.055721, 0.722362, 1.320547
-0.313117, -1.027292, 0.664282, 1.262791
-0.271615, -1.003242, 0.651938, 1.226904
-0.218549, -0.990429, 0.702713, 1.233904
-0.218535, -0.978338, 0.704303, 1.225131
-0.209172, -0.935995, 0.672558, 1.171398
-0.206286, -0.874692, 0.619687, 1.091629
-0.193481, -0.800985, 0.584594, 1.010328
-0.182633, -0.815175, 0.541068, 0.995298
-0.167152, -0.840447, 0.512335, 0.998388
-0.140922, -0.862132, 0.503423, 1.008249
-0.109413, -0.912724, 0.477897, 1.036061
-0.088616, -0.986752, 0.490257, 1.105389
-0.071439, -1.069724, 0.506918, 1.185908
-0.103032, -1.090027, 0.553033, 1.226630
-0.117227, -1.094731, 0.595574, 1.251754
-0.141729, -1.102279, 0.644728, 1.284827
-0.203743, -1.127361, 0.696714, 1.340845
-0.292813, -1.179207, 0.743758, 1.424586
-0.341045, -1.170096, 0.738296, 1.424962
-0.322971, -1.133277, 0.733871, 1.388234
-0.273034, -1.108413, 0.703623, 1.340974
-0.234615, -1.063587, 0.644706, 1.265665
-0.205885, -0.956261, 0.585009, 1.139763
-0.176708, -0.885430, 0.534047, 1.049008
-0.156004, -0.891969, 0.583754, 1.077365
-0.143014, -0.977281, 0.633417, 1.173350
-0.145263, -1.066894, 0.625641, 1.245308
-0.186407, -1.067672, 0.571852, 1.225433
-0.228369, -1.067139, 0.602478, 1.246562
-0.272976, -1.015664, 0.665724, 1.244700
-0.320342, -1.057430, 0.732135, 1.325443
-0.356164, -1.056696, 0.761797, 1.350480
-0.339239, -0.998026, 0.692158, 1.261040
-0.295012, -0.972469, 0.678077, 1.221686
-0.255238, -0.952707, 0.733127, 1.228931
-0.247904, -0.939106, 0.741869, 1.222189
-0.229572, -0.898629, 0.708481, 1.167126
-0.216616, -0.846018, 0.661236, 1.095400
-0.202389, -0.786952, 0.625558, 1.025465
-0.189595, -0.779332, 0.581701, 0.990798
-0.174558, -0.798830, 0.537202, 0.978359
-0.159700, -0.832289, 0.526759, 0.997840
-0.140422, -0.883516, 0.491878, 1.020913
-0.103907, -0.945509, 0.494172, 1.071909
-0.082423, -1.038037, 0.525615, 1.166441
-0.079324, -1.062479, 0.569458, 1.208071
-0.090944, -1.064459, 0.636613, 1.243632
-0.113513, -1.071454, 0.689709, 1.279295
-0.187242, -1.059924, 0.780848, 1.329745
-0.261276, -1.119413, 0.802102, 1.401685
-0.295413, -1.120495, 0.784636, 1.399440
-0.274205, -1.085827, 0.761340, 1.354196
-0.208188, -1.085456, 0.728229, 1.323585
-0.165325, -1.017824, 0.683179, 1.236944
-0.124680, -0.950557, 0.634687, 1.149752
-0.108261, -0.949684, 0.564713, 1.110190
-0.135288, -0.836387, 0.512974, 0.990449
-0.122285, -0.940188, 0.599632, 1.121813
-0.161640, -0.993536, 0.611310, 1.177684
-0.250656, -1.019521, 0.623758, 1.221198
-0.224318, -0.961466, 0.637969, 1.175474
-0.265516, -0.946225, 0.659894, 1.183765
-0.303042, -0.911381, 0.729908, 1.206323
-0.290226, -0.918340, 0.720198, 1.202608
-0.253415, -0.912181, 0.704267, 1.179952
-0.224032, -0.910529, 0.759500, 1.206687
-0.209058, -0.904398, 0.775802, 1.209757
-0.204275, -0.860875, 0.754466, 1.162778
-0.200355, -0.822872, 0.708719, 1.104330
-0.199693, -0.782630, 0.671081, 1.050113
-0.208162, -0.772886, 0.624780, 1.015399
-0.198507, -0.776445, 0.571176, 0.984131
-0.177039, -0.791779, 0.536590, 0.972720
-0.129107, -0.809076, 0.520274, 0.970545
-0.070354, -0.847854, 0.488868, 0.981222
-0.043757, -0.891068, 0.495550, 1.020533
-0.021842, -0.925665, 0.508175, 1.056208
-0.054327, -0.969196, 0.574302, 1.127881
-0.078961, -1.008532, 0.668599, 1.212599
-0.129071, -1.027604, 0.736667, 1.270947
-0.188162, -1.023997, 0.807998, 1.317890
-0.243878, -1.053075, 0.803850, 1.347078
-0.273088, -1.056382, 0.793602, 1.349194
-0.243441, -1.068455, 0.787304, 1.349336
-0.196838, -1.049834, 0.785629, 1.325937
-0.159413, -1.002092, 0.733534, 1.252067
-0.137969, -0.955271, 0.667032, 1.173248
-0.130898, -0.888616, 0.585532, 1.072203
-0.131314, -0.926304, 0.561563, 1.091162
-0.110029, -1.021050, 0.617741, 1.198438
-0.111687, -1.106255, 0.638687, 1.282262
-0.171861, -1.095012, 0.603042, 1.261843
-0.213570, -1.099878, 0.590347, 1.266433
-0.310620, -1.040082, 0.700735, 1.292008
-0.376332, -1.078157, 0.793780, 1.390732
-0.393062, -1.052303, 0.757499, 1.354860
-0.372994, -1.011801, 0.696562, 1.283769
-0.322600, -0.988647, 0.710835, 1.259675
-0.293025, -0.987920, 0.754706, 1.277275
-0.275493, -0.982243, 0.753298, 1.268130
-0.250184, -0.941687, 0.715354, 1.208758
-0.232195, -0.846446, 0.654769, 1.095038
-0.212678, -0.771128, 0.600479, 1.000223
-0.197989, -0.789936, 0.548835, 0.982048
-0.179340, -0.818319, 0.516596, 0.984215
-0.142817, -0.837114, 0.486533, 0.978709
-0.096805, -0.920557, 0.444515, 1.026835
-0.065159, -0.973417, 0.449924, 1.074345
-0.038799, -1.020954, 0.444670, 1.114264
-0.035226, -1.056690, 0.493746, 1.166884
-0.069417, -1.077926, 0.543619, 1.209242
-0.106367, -1.097024, 0.561717, 1.237054
-0.184919, -1.114673, 0.703201, 1.330858
-0.266247, -1.180877, 0.696277, 1.396482
-0.299215, -1.176148, 0.700364, 1.401201
-0.282586, -1.162227, 0.688278, 1.379984
-0.239961, -1.125158, 0.674686, 1.333703
-0.196952, -1.075234, 0.618293, 1.255868
-0.176022, -0.966640, 0.548706, 1.125369
-0.165597, -0.886423, 0.496049, 1.029190
-0.185323, -0.979118, 0.501230, 1.115459
-0.195716, -1.068546, 0.580315, 1.231609
-0.325765, -1.054370, 0.642096, 1.276756
-0.330031, -1.045793, 0.655335, 1.277524
-0.367167, -1.070876, 0.684072, 1.322702
-0.387396, -1.007840, 0.694933, 1.284036
-0.371715, -0.961104, 0.635043, 1.210443
-0.307901, -0.939833, 0.664267, 1.191360
-0.273127, -0.937197, 0.712729, 1.208685
-0.240614, -0.934826, 0.726153, 1.207929
-0.221776, -0.887860, 0.694931, 1.149091
-0.202449, -0.828751, 0.639516, 1.066206
-0.199095, -0.817016, 0.587054, 1.025567
-0.201708, -0.821061, 0.552620, 1.010057
-0.217512, -0.841760, 0.495289, 1.000591
-0.191840, -0.861606, 0.461826, 0.996219
-0.144803, -0.905521, 0.424242, 1.010405
-0.100881, -1.002360, 0.402117, 1.084712
-0.065199, -1.051248, 0.401386, 1.127157
-0.016030, -1.133412, 0.413473, 1.206582
-0.033070, -1.102278, 0.471332, 1.199277
-0.053643, -1.070203, 0.549439, 1.204199
-0.076723, -1.088183, 0.590591, 1.240495
-0.152154, -1.117149, 0.680718, 1.317023
-0.242411, -1.182819, 0.702618, 1.396960
-0.222056, -1.182539, 0.696824, 1.390421
-0.200125, -1.159728, 0.652601, 1.345700
-0.147388, -1.159309, 0.599308, 1.313351
-0.154731, -1.082534, 0.556732, 1.227099
-0.130896, -0.985527, 0.507256, 1.116112
-0.122057, -0.890422, 0.437759, 0.999691
-0.095024, -0.988781, 0.536272, 1.128851
-0.183115, -1.036667, 0.631577, 1.227639
-0.211001, -1.005132, 0.674478, 1.228712
-0.310981, -1.005779, 0.794879, 1.319141
-0.338872, -1.004085, 0.783977, 1.318196
-0.317200, -0.910049, 0.680874, 1.179998
-0.268226, -0.860649, 0.617438, 1.092653
-0.205196, -0.860868, 0.728405, 1.146200
-0.201947, -0.899834, 0.821290, 1.234909
-0.195304, -0.895538, 0.782629, 1.205255
-0.190952, -0.840206, 0.712059, 1.117782
-0.183316, -0.799735, 0.655503, 1.050173
-0.207079, -0.788078, 0.602307, 1.013273
-0.196961, -0.831151, 0.557192, 1.019837
-0.143016, -0.833772, 0.538899, 1.003016
-0.079332, -0.854613, 0.492775, 0.989688
-0.026068, -0.956578, 0.501302, 1.080289
-0.012041, -0.985242, 0.518699, 1.113506
-0.030151, -0.998602, 0.573648, 1.152036
-0.053593, -1.041992, 0.640575, 1.224318
-0.118662, -1.078358, 0.707768, 1.295327
-0.180137, -1.133906, 0.780745, 1.388436
-0.218437, -1.135708, 0.786735, 1.398749
-0.249731, -1.093442, 0.793484, 1.373899
-0.220338, -1.070882, 0.777275, 1.341452
-0.188179, -1.046424, 0.722032, 1.285202
-0.154202, -1.000353, 0.659218, 1.207912
-0.131088, -0.931432, 0.583661, 1.106982
-0.124138, -0.814949, 0.526900, 0.978354
-0.103861, -0.920909, 0.571198, 1.088635
-0.084386, -1.016198, 0.613077, 1.189808
-0.221734, -1.015256, 0.659495, 1.230791
-0.267008, -1.014220, 0.692873, 1.256983
-0.314976, -1.017458, 0.692438, 1.270394
-0.374811, -0.963782, 0.666460, 1.230255
-0.382343, -0.951151, 0.647184, 1.212321
-0.366217, -0.946049, 0.682579, 1.222717
-0.334921, -0.968095, 0.693688, 1.237167
-0.317845, -0.958821, 0.721190, 1.241160
-0.294188, -0.905268, 0.679377, 1.169449
-0.269478, -0.858340, 0.664832, 1.118645
-0.241149, -0.783530, 0.583165, 1.006058
-0.229222, -0.791231, 0.516920, 0.972520
-0.205997, -0.817398, 0.451314, 0.956169
-0.161542, -0.869367, 0.422474, 0.979989
-0.139503, -0.948140, 0.374649, 1.028976
-0.136190, -1.002393, 0.362771, 1.074683
-0.109356, -1.089477, 0.338275, 1.146015
-0.122628, -1.099734, 0.404097, 1.178027
-0.145059, -1.141186, 0.487903, 1.249559
-0.164087, -1.150407, 0.522897, 1.274277
-0.259822, -1.143154, 0.668776, 1.349656
-0.322825, -1.218338, 0.648878, 1.417606
-0.372710, -1.228700, 0.640712, 1.434966
-0.334177, -1.199819, 0.622084, 1.392202
-0.285879, -1.167400, 0.610973, 1.348272
-0.243208, -1.139384, 0.571990, 1.297890
-0.186801, -1.102340, 0.529539, 1.237117
-0.162408, -0.987794, 0.477450, 1.109086
-0.166044, -0.878147, 0.425159, 0.989683
-0.123418, -0.977743, 0.457131, 1.086361
-0.133556, -1.067309, 0.440839, 1.162465
-0.246488, -1.122832, 0.467827, 1.241116
-0.258832, -1.152100, 0.525856, 1.292615
-0.319645, -1.190269, 0.596526, 1.369218
-0.342465, -1.132367, 0.587406, 1.320826
-0.341328, -1.080674, 0.520734, 1.247207
-0.306050, -1.043192, 0.548821, 1.217834
-0.251997, -1.048821, 0.631091, 1.249721
-0.235543, -1.057106, 0.660908, 1.268760
-0.211776, -1.002376, 0.618064, 1.196498
-0.197273, -0.924815, 0.560271, 1.099138
-0.188143, -0.864544, 0.517054, 1.024783
-0.192145, -0.843992, 0.486069, 0.992726
-0.185535, -0.864372, 0.455383, 0.994453
-0.173197, -0.879098, 0.442770, 0.999428
-0.134812, -0.896228, 0.412747, 0.995871
-0.121953, -0.926703, 0.412697, 1.021749
-0.063348, -1.021409, 0.448453, 1.117318
-0.086501, -1.035298, 0.500942, 1.153372
-0.100166, -1.064945, 0.566727, 1.210504
-0.146137, -1.084592, 0.654295, 1.275068
-0.228985, -1.107663, 0.725068, 1.343531
-0.319521, -1.118933, 0.767019, 1.393708
-0.365826, -1.122337, 0.775656, 1.412485
-0.356516, -1.125494, 0.778754, 1.414319
-0.309117, -1.110039, 0.757802, 1.379131
-0.262103, -1.054813, 0.715708, 1.301370
-0.210281, -0.989792, 0.640688, 1.197659
-0.184478, -0.931035, 0.576337, 1.110415
-0.169098, -0.883692, 0.514185, 1.036287
-0.151164, -0.907942, 0.529020, 1.061636
-0.112231, -1.004537, 0.586237, 1.168488
-0.215669, -1.027139, 0.617652, 1.217794
-0.279016, -1.110499, 0.644249, 1.313817
-0.367662, -1.092857, 0.693171, 1.345362
-0.412745, -1.105333, 0.730454, 1.387690
-0.413023, -1.044988, 0.666792, 1.306598
-0.391612, -1.012332, 0.608081, 1.244162
-0.345832, -0.984385, 0.659088, 1.234104
-0.325368, -0.987310, 0.742512, 1.277486
-0.307536, -0.978187, 0.746224, 1.268179
-0.290737, -0.930172, 0.708700, 1.204992
-0.272767, -0.871162, 0.660071, 1.126508
-0.291911, -0.791460, 0.598632, 1.034399
-0.273251, -0.780068, 0.565367, 1.001405
-0.252843, -0.802810, 0.520566, 0.989658
-0.236972, -0.807811, 0.495844, 0.977023
-0.214588, -0.840270, 0.461547, 0.982409
-0.162017, -0.886239, 0.445199, 1.004924
-0.124949, -0.984641, 0.459587, 1.093778
-0.096957, -1.012564, 0.516792, 1.140947
-0.132088, -1.028481, 0.573393, 1.184905
-0.147937, -1.059572, 0.647351, 1.250457
-0.195395, -1.088860, 0.753846, 1.338686
-0.259734, -1.164014, 0.821988, 1.448466
-0.323605, -1.119087, 0.793666, 1.409604
-0.341542, -1.104561, 0.793880, 1.402481
-0.307865, -1.101830, 0.781523, 1.385492
-0.251912, -1.110370, 0.745893, 1.361153
-0.216955, -1.053404, 0.684276, 1.274740
-0.172637, -0.996961, 0.626528, 1.190073
-0.158831, -0.922885, 0.560100, 1.091172
-0.157484, -0.839869, 0.515052, 0.997728
