-0.228071, -0.886849, -0.142661, 0.926752
-0.227766, -0.887368, -0.143014, 0.927228
-0.228064, -0.888214, -0.142553, 0.928041
-0.228237, -0.888217, -0.143015, 0.928157
-0.228202, -0.888693, -0.142457, 0.928518
-0.229029, -0.888932, -0.141566, 0.928814
-0.230155, -0.888958, -0.140862, 0.929010
-0.230499, -0.889265, -0.141105, 0.929425
-0.230045, -0.890015, -0.140836, 0.929990
-0.230019, -0.889836, -0.140692, 0.929791
-0.229995, -0.889960, -0.140660, 0.929899
-0.230069, -0.889502, -0.139561, 0.929313
-0.230517, -0.889565, -0.138962, 0.929395
-0.231397, -0.890380, -0.138520, 0.930327
-0.231712, -0.890354, -0.138609, 0.930394
-0.231327, -0.890141, -0.138495, 0.930078
-0.230980, -0.890519, -0.138003, 0.930280
-0.230382, -0.890668, -0.138242, 0.930310
-0.229654, -0.890614, -0.138748, 0.930153
-0.229953, -0.890659, -0.139106, 0.930324
-0.229459, -0.890795, -0.138845, 0.930293
-0.229969, -0.891391, -0.138804, 0.930983
-0.229854, -0.891074, -0.138378, 0.930588
-0.229847, -0.891073, -0.138482, 0.930601
-0.230413, -0.891546, -0.138380, 0.931179
-0.230827, -0.891687, -0.138386, 0.931417
-0.230912, -0.892572, -0.138392, 0.932287
-0.230799, -0.892800, -0.138980, 0.932564
-0.231078, -0.892436, -0.139023, 0.932291
-0.230470, -0.891729, -0.139645, 0.931557
-0.230306, -0.891946, -0.139524, 0.931706
-0.230635, -0.892521, -0.139415, 0.932321
-0.230644, -0.891901, -0.140387, 0.931876
-0.230748, -0.891722, -0.140580, 0.931759
-0.230746, -0.891182, -0.140462, 0.931224
-0.231031, -0.891360, -0.141037, 0.931552
-0.230810, -0.892373, -0.142526, 0.932693
-0.230420, -0.891672, -0.142893, 0.931982
-0.205547, -0.891137, -0.144877, 0.925940
-0.207415, -0.890940, -0.145202, 0.926218
-0.210717, -0.891996, -0.144229, 0.927825
-0.213782, -0.892186, -0.142770, 0.928484
-0.216825, -0.891979, -0.143015, 0.929028
-0.219465, -0.891223, -0.142944, 0.928912
-0.222031, -0.891018, -0.142782, 0.929299
-0.224243, -0.889601, -0.143026, 0.928510
-0.224323, -0.888800, -0.143829, 0.927887
-0.199778, -0.887986, -0.146789, 0.921942
-0.201941, -0.890097, -0.150034, 0.924966
-0.203123, -0.891521, -0.154023, 0.927250
-0.202945, -0.889864, -0.157123, 0.926138
-0.203357, -0.889796, -0.158550, 0.926406
-0.205446, -0.891061, -0.158568, 0.928085
-0.207610, -0.891535, -0.159168, 0.929124
-0.208793, -0.890919, -0.157372, 0.928492
-0.209571, -0.892924, -0.154298, 0.930076
-0.210938, -0.893590, -0.151145, 0.930507
-0.212645, -0.893810, -0.147531, 0.930527
-0.214371, -0.893723, -0.144086, 0.930299
-0.216495, -0.892697, -0.141377, 0.929390
-0.219837, -0.892059, -0.139427, 0.929267
-0.223033, -0.892338, -0.137966, 0.930078
-0.225526, -0.892684, -0.138986, 0.931162
-0.226145, -0.892047, -0.139223, 0.930738
-0.225843, -0.889768, -0.139923, 0.928585
-0.226336, -0.890562, -0.142303, 0.929827
-0.226396, -0.893267, -0.144735, 0.932807
-0.249733, -0.893330, -0.144491, 0.938766
-0.248201, -0.892817, -0.139892, 0.937175
-0.246442, -0.892546, -0.136438, 0.935942
-0.243428, -0.893250, -0.134111, 0.935488
-0.239287, -0.893978, -0.128126, 0.934276
-0.235754, -0.893685, -0.124203, 0.932565
-0.233244, -0.893990, -0.121648, 0.931890
-0.229842, -0.897392, -0.122755, 0.934456
-0.222393, -0.901494, -0.126280, 0.937068
-0.214836, -0.902908, -0.129159, 0.937059
-0.210902, -0.902664, -0.130969, 0.936181
-0.208033, -0.904719, -0.130262, 0.937423
-0.206502, -0.906566, -0.128945, 0.938687
-0.204266, -0.907565, -0.127080, 0.938908
-0.201015, -0.906472, -0.125694, 0.936962
-0.196565, -0.906437, -0.125713, 0.935986
-0.193421, -0.907543, -0.126606, 0.936523
-0.187350, -0.908728, -0.126727, 0.936454
-0.183799, -0.909319, -0.125864, 0.936207
-0.184136, -0.909376, -0.124406, 0.936135
-0.185297, -0.909144, -0.123290, 0.935990
-0.185674, -0.907987, -0.125010, 0.935170
-0.182387, -0.905998, -0.128016, 0.932999
-0.177427, -0.906580, -0.132374, 0.933215
-0.171631, -0.906724, -0.137849, 0.933064
-0.163556, -0.905905, -0.144913, 0.931888
-0.154576, -0.904790, -0.126652, 0.926596
-0.147169, -0.905588, -0.135525, 0.927424
-0.141557, -0.906021, -0.143504, 0.928174
-0.139469, -0.904705, -0.148929, 0.927428
-0.139690, -0.902478, -0.152348, 0.925846
-0.141701, -0.898675, -0.152212, 0.922423
-0.145895, -0.896203, -0.149853, 0.920283
-0.147473, -0.892936, -0.148606, 0.917152
-0.144407, -0.894075, -0.147874, 0.917655
-0.138691, -0.894435, -0.147021, 0.916987
-0.130308, -0.898267, -0.142460, 0.918781
-0.128588, -0.903513, -0.136607, 0.922785
-0.134199, -0.910885, -0.128814, 0.929685
-0.148308, -0.926046, -0.123460, 0.945938
-0.164910, -0.952950, -0.110862, 0.973447
-0.175927, -0.971174, -0.097976, 0.991831
-0.199670, -0.982064, -0.079091, 1.005273
-0.224744, -0.987308, -0.073198, 1.015207
-0.248247, -0.987285, -0.071596, 1.020531
-0.268142, -0.971529, -0.071906, 1.010416
-0.284317, -0.948071, -0.072769, 0.992457
-0.295237, -0.932757, -0.073447, 0.981119
-0.303817, -0.930454, -0.074739, 0.981650
-0.313442, -0.923834, -0.081932, 0.978993
-0.317135, -0.910297, -0.097253, 0.968852
-0.317785, -0.890161, -0.116870, 0.952383
-0.311404, -0.881437, -0.137332, 0.944862
-0.304520, -0.881364, -0.150577, 0.944568
-0.298712, -0.879402, -0.157625, 0.942031
-0.297305, -0.872899, -0.162211, 0.936299
-0.297471, -0.863354, -0.165946, 0.928120
-0.296857, -0.849746, -0.172419, 0.916472
-0.294014, -0.841774, -0.179893, 0.909610
-0.290027, -0.832899, -0.186615, 0.901477
-0.286441, -0.827382, -0.192174, 0.896404
-0.283694, -0.823179, -0.199118, 0.893170
-0.278646, -0.817503, -0.207699, 0.888309
-0.249108, -0.814294, -0.216193, 0.878561
-0.244967, -0.810461, -0.221108, 0.875069
-0.238763, -0.805213, -0.228933, 0.870509
-0.231084, -0.800967, -0.237138, 0.866708
-0.227327, -0.798666, -0.246170, 0.866108
-0.225952, -0.797544, -0.249428, 0.865647
-0.225765, -0.800042, -0.252164, 0.868691
-0.228174, -0.799729, -0.253943, 0.869550
-0.231198, -0.795372, -0.257975, 0.867537
-0.231914, -0.789748, -0.265104, 0.864734
-0.228551, -0.784500, -0.275017, 0.862154
-0.220278, -0.783572, -0.283153, 0.861791
-0.208926, -0.794397, -0.290373, 0.871225
-0.197096, -0.815885, -0.299687, 0.891250
-0.187601, -0.836821, -0.318279, 0.914748
-0.199387, -0.858018, -0.343754, 0.945577
-0.229355, -0.896417, -0.353724, 0.990600
-0.255161, -0.927822, -0.337785, 1.019833
-0.296879, -0.963836, -0.311582, 1.055557
-0.340502, -0.987409, -0.284126, 1.082426
-0.341280, -0.936854, -0.270623, 1.033152
-0.341693, -0.913285, -0.249140, 1.006437
-0.335576, -0.914839, -0.226318, 1.000381
-0.330075, -0.918038, -0.207643, 0.997426
-0.316350, -0.906886, -0.199020, 0.980881
-0.298282, -0.900932, -0.192433, 0.968339
-0.282224, -0.895010, -0.183688, 0.956260
-0.271504, -0.887883, -0.173489, 0.944536
-0.263200, -0.888203, -0.166457, 0.941216
-0.251915, -0.885742, -0.164998, 0.935535
-0.244534, -0.884098, -0.164172, 0.931869
-0.234556, -0.880819, -0.164110, 0.926170
-0.222816, -0.877490, -0.166195, 0.920466
-0.209968, -0.874213, -0.164081, 0.913924
-0.199369, -0.876100, -0.160721, 0.912759
-0.194893, -0.875711, -0.156434, 0.910673
-0.190487, -0.873466, -0.148980, 0.906323
-0.187288, -0.871162, -0.147140, 0.903133
-0.194525, -0.874398, -0.150934, 0.908402
-0.207522, -0.882996, -0.150454, 0.919448
-0.210431, -0.886179, -0.152941, 0.923572
-0.201407, -0.891789, -0.177262, 0.931276
-0.194627, -0.900911, -0.192518, 0.941585
-0.185954, -0.908829, -0.198163, 0.948588
-0.182543, -0.921353, -0.197014, 0.959702
-0.190258, -0.972048, -0.186056, 1.007816
-0.197578, -1.001145, -0.172214, 1.034884
-0.211317, -1.010534, -0.160835, 1.044845
-0.243423, -1.004854, -0.148073, 1.044467
-0.287277, -1.001263, -0.129980, 1.049738
-0.330914, -1.002204, -0.122271, 1.062481
-0.353744, -1.000301, -0.132752, 1.069281
-0.348895, -1.002666, -0.150253, 1.072214
-0.344724, -0.955030, -0.151982, 1.026652
-0.345363, -0.910105, -0.154705, 0.985647
-0.344983, -0.872263, -0.159390, 0.951452
-0.337867, -0.841076, -0.166912, 0.921641
-0.320972, -0.817105, -0.173677, 0.894900
-0.298049, -0.795547, -0.182095, 0.868843
-0.277434, -0.810948, -0.196086, 0.879236
-0.258800, -0.801954, -0.212852, 0.869146
-0.245287, -0.792823, -0.234934, 0.862513
-0.237142, -0.789446, -0.257711, 0.863641
-0.229721, -0.788399, -0.269439, 0.864259
-0.225529, -0.789259, -0.265879, 0.862835
-0.231205, -0.815246, -0.283497, 0.893561
-0.230394, -0.841649, -0.322884, 0.930434
-0.250179, -0.881696, -0.327854, 0.973379
-0.274270, -0.907095, -0.342831, 1.007759
-0.316258, -0.968894, -0.317190, 1.067419
-0.359552, -0.998782, -0.278565, 1.097470
-0.351637, -0.945944, -0.271264, 1.045008
-0.341561, -0.921744, -0.259056, 1.016556
-0.335457, -0.907281, -0.237571, 0.996057
-0.323003, -0.896832, -0.218443, 0.977935
-0.302452, -0.886109, -0.205328, 0.958554
-0.281012, -0.875613, -0.200635, 0.941234
-0.256865, -0.869681, -0.197777, 0.928138
-0.242497, -0.861787, -0.192386, 0.915693
-0.231770, -0.856299, -0.185786, 0.906357
-0.223364, -0.851269, -0.182575, 0.898824
-0.211511, -0.847030, -0.181633, 0.891733
-0.195603, -0.843502, -0.182634, 0.884936
-0.183301, -0.842226, -0.179060, 0.880344
-0.176818, -0.847523, -0.175261, 0.883332
-0.169747, -0.850391, -0.170288, 0.883729
-0.161480, -0.843397, -0.176615, 0.876691
-0.169980, -0.834358, -0.182305, 0.870794
-0.183254, -0.832391, -0.161252, 0.867444
-0.180020, -0.832328, -0.155550, 0.865663
-0.169192, -0.855209, -0.175522, 0.889279
-0.158691, -0.884792, -0.189397, 0.918646
-0.144858, -0.907888, -0.190492, 0.938899
-0.143582, -0.933209, -0.191769, 0.963467
-0.172872, -0.953799, -0.179491, 0.985817
-0.201026, -0.980278, -0.171174, 1.015213
-0.230925, -0.995750, -0.156300, 1.034057
-0.270026, -1.000469, -0.144481, 1.046292
-0.314159, -1.006798, -0.134144, 1.063171
-0.352703, -1.017040, -0.133507, 1.084709
-0.340039, -0.966723, -0.135365, 1.033685
-0.333230, -0.922517, -0.138302, 0.990559
-0.329683, -0.878591, -0.141721, 0.949051
-0.329260, -0.840889, -0.146644, 0.914883
-0.326494, -0.813335, -0.153406, 0.889745
-0.322289, -0.792063, -0.162795, 0.870481
-0.288165, -0.772364, -0.177271, 0.843214
-0.274176, -0.754743, -0.193110, 0.825894
-0.256061, -0.772831, -0.214262, 0.841869
-0.234522, -0.771752, -0.239801, 0.841490
-0.213244, -0.771444, -0.263061, 0.842496
-0.193631, -0.776570, -0.277753, 0.847172
-0.196222, -0.777105, -0.246796, 0.838632
-0.224982, -0.797301, -0.258163, 0.867729
-0.235580, -0.825985, -0.281909, 0.904003
-0.247400, -0.861354, -0.321748, 0.952187
-0.264137, -0.893635, -0.349890, 0.995377
-0.297795, -0.947879, -0.328500, 1.046455
-0.333979, -1.007656, -0.283579, 1.098786
-0.332551, -0.983404, -0.270715, 1.072828
-0.326114, -0.955337, -0.255936, 1.041404
-0.321853, -0.929623, -0.232916, 1.010959
-0.312486, -0.915219, -0.206474, 0.988891
-0.297192, -0.895820, -0.187851, 0.962343
-0.284297, -0.875057, -0.175287, 0.936629
-0.271365, -0.860460, -0.165447, 0.917280
-0.265269, -0.850461, -0.153486, 0.903997
-0.263318, -0.841185, -0.142242, 0.892839
-0.255456, -0.834454, -0.136605, 0.883308
-0.239512, -0.835510, -0.135525, 0.879665
-0.223075, -0.843664, -0.134068, 0.882896
-0.209056, -0.851376, -0.133632, 0.886794
-0.198548, -0.859259, -0.132268, 0.891763
-0.191293, -0.859713, -0.132695, 0.890678
-0.191734, -0.860406, -0.132690, 0.891441
-0.195947, -0.855057, -0.164985, 0.892602
-0.214621, -0.848920, -0.160658, 0.890246
-0.219487, -0.848709, -0.149178, 0.889233
-0.198483, -0.868330, -0.174267, 0.907613
-0.172055, -0.886638, -0.195370, 0.924067
-0.128251, -0.903482, -0.208901, 0.936146
-0.125403, -0.925834, -0.213480, 0.958368
-0.153280, -0.948210, -0.200086, 0.981138
-0.187701, -0.962740, -0.176658, 0.996648
-0.221327, -0.977892, -0.148974, 1.013633
-0.263303, -0.953224, -0.123592, 0.996614
-0.308781, -0.974548, -0.103975, 1.027570
-0.356454, -1.020265, -0.087405, 1.084269
-0.341885, -0.963273, -0.089334, 1.026042
-0.333745, -0.912589, -0.094570, 0.976293
-0.332150, -0.865682, -0.102199, 0.932831
-0.331192, -0.825679, -0.108183, 0.896179
-0.326419, -0.793116, -0.113078, 0.865083
-0.318310, -0.771984, -0.147154, 0.847900
-0.307296, -0.753833, -0.156686, 0.829003
-0.293956, -0.736088, -0.167496, 0.810118
-0.278429, -0.726955, -0.181109, 0.799241
-0.259981, -0.728315, -0.206388, 0.800393
-0.245967, -0.732192, -0.232526, 0.806643
-0.234414, -0.730844, -0.244747, 0.805595
-0.237955, -0.740533, -0.235987, 0.812836
-0.259555, -0.781948, -0.234239, 0.856551
-0.280030, -0.847818, -0.283549, 0.936809
-0.292431, -0.887813, -0.290339, 0.978787
-0.304633, -0.897998, -0.284966, 0.990156
-0.335549, -0.942229, -0.264082, 1.034470
-0.347989, -0.968547, -0.251722, 1.059501
-0.359654, -0.921123, -0.269695, 1.024965
-0.348198, -0.846247, -0.294420, 0.961280
-0.344765, -0.835784, -0.285134, 0.947998
-0.356564, -0.926091, -0.226388, 1.017857
-0.358491, -0.942754, -0.223466, 1.033072
-0.364614, -0.928828, -0.220352, 1.021871
-0.362582, -0.905878, -0.219108, 1.000045
-0.357701, -0.883534, -0.208358, 0.975702
-0.354075, -0.866946, -0.187697, 0.955089
-0.345757, -0.856673, -0.164836, 0.938407
-0.327304, -0.849331, -0.147390, 0.922071
-0.308800, -0.836661, -0.138122, 0.902462
-0.286912, -0.825362, -0.135528, 0.884256
-0.274862, -0.815201, -0.133486, 0.870586
-0.266028, -0.808623, -0.128148, 0.860850
-0.250451, -0.800432, -0.129184, 0.848590
-0.231290, -0.802070, -0.131089, 0.844983
-0.213963, -0.810274, -0.133386, 0.848596
-0.205347, -0.820874, -0.131949, 0.856395
-0.199602, -0.829743, -0.132019, 0.863564
-0.192526, -0.831463, -0.135098, 0.864089
-0.183874, -0.825901, -0.146233, 0.858666
-0.186493, -0.817202, -0.156442, 0.852686
-0.165758, -0.813266, -0.134296, 0.840781
-0.165049, -0.817878, -0.138410, 0.845767
-0.153438, -0.863163, -0.168378, 0.892717
-0.139085, -0.888342, -0.181902, 0.917379
-0.117207, -0.906721, -0.191340, 0.934073
-0.124822, -0.928936, -0.198563, 0.958087
-0.163540, -0.953180, -0.185504, 0.984738
-0.199503, -0.979058, -0.158583, 1.011684
-0.234136, -0.990861, -0.136222, 1.027220
-0.281787, -0.991712, -0.094125, 1.035256
-0.336759, -1.034942, -0.069888, 1.090594
-0.317876, -0.989079, -0.076013, 1.041681
-0.306428, -0.942337, -0.081424, 0.994247
-0.298329, -0.896699, -0.088235, 0.949134
-0.291426, -0.853193, -0.099615, 0.907078
-0.283119, -0.809992, -0.107513, 0.864756
-0.277271, -0.799578, -0.114227, 0.853963
-0.273729, -0.774288, -0.122795, 0.830379
-0.267682, -0.751355, -0.134585, 0.808889
-0.258236, -0.731206, -0.156182, 0.791038
-0.236096, -0.725123, -0.186695, 0.785112
-0.213324, -0.729511, -0.215984, 0.790154
-0.190459, -0.727770, -0.220822, 0.784020
-0.205201, -0.762129, -0.221672, 0.819809
-0.248038, -0.844308, -0.241406, 0.912499
-0.271867, -0.880675, -0.248841, 0.954684
-0.283277, -0.887030, -0.282476, 0.973067
-0.317107, -0.903834, -0.267194, 0.994417
-0.344762, -0.943307, -0.267751, 1.039413
-0.340531, -0.950748, -0.277300, 1.047272
-0.329569, -0.900093, -0.294838, 1.002852
-0.328013, -0.901080, -0.281132, 0.999286
-0.322510, -0.962821, -0.232712, 1.041725
-0.327962, -0.975311, -0.203859, 1.048975
-0.334583, -0.958296, -0.191239, 1.032884
-0.335479, -0.938540, -0.186895, 1.014068
-0.337526, -0.920110, -0.181140, 0.996664
-0.336218, -0.921546, -0.165750, 0.994868
-0.332275, -0.903595, -0.144612, 0.973551
-0.320999, -0.892475, -0.128619, 0.957129
-0.304944, -0.879158, -0.120560, 0.938320
-0.284017, -0.864053, -0.116718, 0.916993
-0.266724, -0.852271, -0.114820, 0.900384
-0.259759, -0.845751, -0.110388, 0.891602
-0.249298, -0.838181, -0.108640, 0.881192
-0.233402, -0.830805, -0.113101, 0.870348
-0.212618, -0.828153, -0.116625, 0.862928
-0.194309, -0.826621, -0.116973, 0.857170
-0.187767, -0.831689, -0.112422, 0.860001
-0.185414, -0.832834, -0.113583, 0.860750
-0.182439, -0.839645, -0.120269, 0.867614
-0.179574, -0.837240, -0.132995, 0.866548
-0.179191, -0.831476, -0.136949, 0.861520
-0.174267, -0.831600, -0.140309, 0.861170
-0.152568, -0.849436, -0.161330, 0.877978
-0.129619, -0.868226, -0.177315, 0.895577
-0.125297, -0.893938, -0.155791, 0.916022
-0.123415, -0.917535, -0.158227, 0.939222
-0.151492, -0.938093, -0.150106, 0.962029
-0.193630, -0.952694, -0.154087, 0.984307
-0.244312, -0.960516, -0.120796, 0.998434
-0.292847, -0.972006, -0.101656, 1.020240
-0.339644, -1.009922, -0.079287, 1.068451
-0.382873, -1.040892, -0.072012, 1.111411
-0.372991, -0.959264, -0.075686, 1.032006
-0.361051, -0.903391, -0.082200, 0.976335
-0.347737, -0.849164, -0.089809, 0.921990
-0.328893, -0.809022, -0.095776, 0.878556
-0.309753, -0.776526, -0.104159, 0.842489
-0.298551, -0.750239, -0.113837, 0.815445
-0.287905, -0.728117, -0.130616, 0.793791
-0.268693, -0.709928, -0.150764, 0.773902
-0.239012, -0.703998, -0.183866, 0.765863
-0.220049, -0.708618, -0.235426, 0.778451
-0.202709, -0.715331, -0.238113, 0.780697
-0.224328, -0.745350, -0.234107, 0.812820
-0.263330, -0.822678, -0.248406, 0.898804
-0.273501, -0.886153, -0.269924, 0.965883
-0.279976, -0.886553, -0.303090, 0.977868
-0.304883, -0.894306, -0.309859, 0.994359
-0.336632, -0.944122, -0.286662, 1.042527
-0.381214, -1.003519, -0.239632, 1.099908
-0.365297, -0.977408, -0.228469, 1.068160
-0.358044, -0.953263, -0.207728, 1.039258
-0.343410, -0.930317, -0.185380, 1.008854
-0.332540, -0.908639, -0.166741, 0.981841
-0.318281, -0.886869, -0.152605, 0.954530
-0.303262, -0.867766, -0.146898, 0.930894
-0.291951, -0.853809, -0.140307, 0.913187
-0.280347, -0.840025, -0.131849, 0.895332
-0.263805, -0.830567, -0.124535, 0.880309
-0.245685, -0.829740, -0.119709, 0.873590
-0.226049, -0.834967, -0.116342, 0.872814
-0.209536, -0.843745, -0.115162, 0.876968
-0.196976, -0.851353, -0.115171, 0.881400
-0.188925, -0.855352, -0.119071, 0.884024
-0.179013, -0.854494, -0.130556, 0.882751
-0.178019, -0.847276, -0.144775, 0.877797
-0.175980, -0.839363, -0.129642, 0.867356
-0.170139, -0.849025, -0.134030, 0.876216
-0.161355, -0.881505, -0.151791, 0.908915
-0.152406, -0.899719, -0.160857, 0.926605
-0.149511, -0.916288, -0.160642, 0.942202
-0.161411, -0.941900, -0.157823, 0.968575
-0.191674, -0.964270, -0.135732, 0.992461
-0.224900, -0.963249, -0.111878, 0.995462
-0.259932, -0.972757, -0.091009, 1.010992
-0.305654, -0.979697, -0.079052, 1.029310
-0.355646, -1.008781, -0.063629, 1.071528
-0.340586, -0.962614, -0.070287, 1.023506
-0.326852, -0.911997, -0.070437, 0.971355
-0.314596, -0.860315, -0.071156, 0.918790
-0.303574, -0.813459, -0.074915, 0.871484
-0.295476, -0.771510, -0.078005, 0.829830
-0.293822, -0.740990, -0.087009, 0.801853
-0.291572, -0.717050, -0.097344, 0.780161
-0.282105, -0.687559, -0.108098, 0.751003
-0.261188, -0.672317, -0.124774, 0.731982
-0.240278, -0.680695, -0.155337, 0.738383
-0.224431, -0.696477, -0.179903, 0.753535
-0.217337, -0.710385, -0.184094, 0.765358
-0.232712, -0.760807, -0.189128, 0.817772
-0.248828, -0.840844, -0.225469, 0.905412
-0.255021, -0.899267, -0.238108, 0.964578
-0.259349, -0.908014, -0.269127, 0.981927
-0.299405, -0.959389, -0.257426, 1.037467
-0.331611, -1.003409, -0.232019, 1.081956
-0.331661, -0.975793, -0.221136, 1.054074
-0.330753, -0.944322, -0.205025, 1.021361
-0.327551, -0.918011, -0.187035, 0.992480
-0.316274, -0.901933, -0.165213, 0.969952
-0.299168, -0.890791, -0.149773, 0.951547
-0.279776, -0.878970, -0.141432, 0.933202
-0.264628, -0.866444, -0.136461, 0.916174
-0.259974, -0.855748, -0.129948, 0.903757
-0.251495, -0.845181, -0.124771, 0.890589
-0.235377, -0.838901, -0.122937, 0.879927
-0.216780, -0.841784, -0.123039, 0.877914
-0.198529, -0.845041, -0.123811, 0.876833
-0.188699, -0.851571, -0.122755, 0.880823
-0.182054, -0.850145, -0.124432, 0.878279
-0.174456, -0.851233, -0.133042, 0.879052
-0.174875, -0.843680, -0.145649, 0.873837
-0.174679, -0.833759, -0.131887, 0.862010
-0.166011, -0.841616, -0.138578, 0.868954
-0.152586, -0.881098, -0.160454, 0.908494
-0.143375, -0.903239, -0.167285, 0.929721
-0.137669, -0.920118, -0.167785, 0.945368
-0.150093, -0.945439, -0.165998, 0.971565
-0.205922, -0.966978, -0.147365, 0.999583
-0.238095, -0.994879, -0.115821, 1.029508
-0.275234, -1.008880, -0.098252, 1.050355
-0.315884, -1.031045, -0.080020, 1.081314
-0.300535, -0.994769, -0.088335, 1.042923
-0.290261, -0.952382, -0.088711, 0.999576
-0.285125, -0.906397, -0.087103, 0.954169
-0.280888, -0.864094, -0.090813, 0.913129
-0.269444, -0.820744, -0.098236, 0.869408
-0.259153, -0.777872, -0.104522, 0.826541
-0.252378, -0.743393, -0.109300, 0.792638
-0.250389, -0.716747, -0.115250, 0.767922
-0.223410, -0.689087, -0.124396, 0.735002
-0.216705, -0.676061, -0.146629, 0.724928
-0.203900, -0.682830, -0.174894, 0.733771
-0.190095, -0.695648, -0.184843, 0.744466
-0.187889, -0.710018, -0.175209, 0.755067
-0.207279, -0.788250, -0.199817, 0.839184
-0.220232, -0.847040, -0.244809, 0.908796
-0.226919, -0.877445, -0.258809, 0.942542
-0.255737, -0.887063, -0.263811, 0.960145
-0.309610, -0.948130, -0.247197, 1.027578
-0.340501, -0.976223, -0.238288, 1.061006
-0.337176, -0.934567, -0.252166, 1.025032
-0.328270, -0.890376, -0.267955, 0.986068
-0.313963, -0.944000, -0.243822, 1.024284
-0.301001, -1.004926, -0.198381, 1.067630
-0.309574, -0.975545, -0.177168, 1.038707
-0.320527, -0.961161, -0.170836, 1.027499
-0.325320, -0.939790, -0.168352, 1.008653
-0.324477, -0.913935, -0.160281, 0.982982
-0.324769, -0.892390, -0.146991, 0.960959
-0.318830, -0.875669, -0.132412, 0.941266
-0.299558, -0.868120, -0.123193, 0.926576
-0.275261, -0.860857, -0.120545, 0.911797
-0.254651, -0.849396, -0.119331, 0.894741
-0.246708, -0.837005, -0.115321, 0.880194
-0.239183, -0.830031, -0.109769, 0.870753
-0.230603, -0.824234, -0.106235, 0.862453
-0.218498, -0.822433, -0.104516, 0.857357
-0.207707, -0.820909, -0.100441, 0.852714
-0.201247, -0.825130, -0.094150, 0.854520
-0.200590, -0.829779, -0.091216, 0.858539
-0.194942, -0.829126, -0.099766, 0.857558
-0.185379, -0.831951, -0.114265, 0.859979
-0.185747, -0.828520, -0.122245, 0.857841
-0.186079, -0.835671, -0.116773, 0.864064
-0.178075, -0.855562, -0.131311, 0.883708
-0.156756, -0.876483, -0.149443, 0.902845
-0.150465, -0.902597, -0.156994, 0.928422
-0.146430, -0.918402, -0.159406, 0.943565
-0.155587, -0.942569, -0.157392, 0.968203
-0.181188, -0.951980, -0.136318, 0.978610
-0.215565, -0.952955, -0.122036, 0.984624
-0.260698, -0.947765, -0.107052, 0.988778
-0.328956, -0.964426, -0.089101, 1.022872
-0.368873, -1.004432, -0.080644, 1.073058
-0.354580, -0.959651, -0.082475, 1.026381
-0.337910, -0.908573, -0.087138, 0.973284
-0.323014, -0.861881, -0.090553, 0.924866
-0.311049, -0.821786, -0.094597, 0.883761
-0.299049, -0.787056, -0.097553, 0.847587
-0.289021, -0.731084, -0.104880, 0.793105
-0.281529, -0.701601, -0.111179, 0.764109
-0.272787, -0.672433, -0.145445, 0.740090
-0.260442, -0.656629, -0.158554, 0.723969
-0.246381, -0.666019, -0.189218, 0.734907
-0.229538, -0.671145, -0.202784, 0.737730
-0.217159, -0.685898, -0.204671, 0.748000
-0.226254, -0.749497, -0.213373, 0.811458
-0.243498, -0.802237, -0.258654, 0.877370
-0.274463, -0.863978, -0.258223, 0.942586
-0.270823, -0.886422, -0.295194, 0.972743
-0.306670, -0.920918, -0.290500, 1.013177
-0.339098, -0.971941, -0.269837, 1.064175
-0.355093, -0.992707, -0.265750, 1.087282
-0.348962, -0.940481, -0.242617, 1.032057
-0.344690, -0.940908, -0.215491, 1.024965
-0.334645, -0.924609, -0.188858, 1.001277
-0.316929, -0.911752, -0.165685, 0.979381
-0.298230, -0.895072, -0.152629, 0.955715
-0.283990, -0.881303, -0.143904, 0.937045
-0.275860, -0.873187, -0.134111, 0.925494
-0.266354, -0.862286, -0.126375, 0.911291
-0.246832, -0.852482, -0.125644, 0.896347
-0.226031, -0.845277, -0.124209, 0.883749
-0.211333, -0.844296, -0.120680, 0.878670
-0.205653, -0.855072, -0.115658, 0.887028
-0.202739, -0.860592, -0.114839, 0.891577
-0.191341, -0.854182, -0.127237, 0.884549
-0.178896, -0.844247, -0.148990, 0.875759
-0.178009, -0.835122, -0.144328, 0.865995
-0.166333, -0.835163, -0.137217, 0.862550
-0.154116, -0.864490, -0.153392, 0.891417
-0.145897, -0.894654, -0.168036, 0.921916
-0.138409, -0.909364, -0.171769, 0.935738
-0.136924, -0.931408, -0.178141, 0.958125
-0.166217, -0.954549, -0.171225, 0.983926
-0.198667, -0.981427, -0.159459, 1.013950
-0.231570, -0.997920, -0.138469, 1.033752
-0.278145, -1.040620, -0.120954, 1.083921
-0.264114, -1.001579, -0.120769, 1.042833
-0.250925, -0.954052, -0.117101, 0.993423
-0.242116, -0.908846, -0.114580, 0.947497
-0.238680, -0.862790, -0.112799, 0.902274
-0.238833, -0.815874, -0.110030, 0.857203
-0.241739, -0.771691, -0.107540, 0.815788
-0.246832, -0.741627, -0.109485, 0.789255
-0.252749, -0.719613, -0.112887, 0.771018
-0.256638, -0.699532, -0.121978, 0.755041
-0.251548, -0.679483, -0.137840, 0.737545
-0.240960, -0.675386, -0.166211, 0.736094
-0.231437, -0.692745, -0.192017, 0.755201
-0.213332, -0.702194, -0.203161, 0.761487
-0.215370, -0.731925, -0.206372, 0.790372
-0.233329, -0.797240, -0.231442, 0.862322
-0.256063, -0.840243, -0.297085, 0.927273
-0.264389, -0.868299, -0.301832, 0.956529
-0.282850, -0.887653, -0.312133, 0.982527
-0.325119, -0.967239, -0.281119, 1.058434
-0.357884, -0.968194, -0.252061, 1.062552
-0.354717, -0.937394, -0.265233, 1.036764
-0.334598, -0.857562, -0.286224, 0.963998
-0.326810, -0.844633, -0.274455, 0.946327
-0.311124, -0.940589, -0.216103, 1.014005
-0.320203, -0.942047, -0.186393, 1.012287
-0.330467, -0.931511, -0.186039, 1.005749
-0.332160, -0.921940, -0.183970, 0.997070
-0.326717, -0.902338, -0.174715, 0.975440
-0.326020, -0.882245, -0.158902, 0.953884
-0.319096, -0.866925, -0.138746, 0.934147
-0.303423, -0.857602, -0.125678, 0.918337
-0.283603, -0.848270, -0.117721, 0.902137
-0.261772, -0.837603, -0.116694, 0.885280
-0.246528, -0.827157, -0.113533, 0.870549
-0.245987, -0.819754, -0.108648, 0.862734
-0.235099, -0.815750, -0.107562, 0.855739
-0.217484, -0.810159, -0.109893, 0.846010
-0.199925, -0.809207, -0.111600, 0.840976
-0.188238, -0.813563, -0.109049, 0.842147
-0.184502, -0.820989, -0.106464, 0.848173
-0.178852, -0.820273, -0.113186, 0.847140
-0.173294, -0.820293, -0.126528, 0.847892
-0.179459, -0.818509, -0.132300, 0.848332
-0.169546, -0.814915, -0.120855, 0.841094
-0.154620, -0.840024, -0.142959, 0.866017
-0.140434, -0.878624, -0.167896, 0.905479
-0.126150, -0.905659, -0.175923, 0.931172
-0.116262, -0.956607, -0.186547, 0.981537
-0.144200, -1.003846, -0.178979, 1.029823
-0.184879, -1.024433, -0.167892, 1.054434
-0.222796, -1.036027, -0.133016, 1.068027
-0.272258, -1.046358, -0.112937, 1.087081
-0.259107, -1.001336, -0.114921, 1.040681
-0.244608, -0.949284, -0.114274, 0.986930
-0.230330, -0.905222, -0.122739, 0.942095
-0.221401, -0.863701, -0.123445, 0.900131
-0.212321, -0.817736, -0.125733, 0.854155
-0.209118, -0.770522, -0.128277, 0.808635
-0.210531, -0.731571, -0.134846, 0.773112
-0.213233, -0.680807, -0.146980, 0.728402
-0.215090, -0.662832, -0.161686, 0.715369
-0.208173, -0.650649, -0.183862, 0.707450
-0.195846, -0.655617, -0.213825, 0.716876
-0.181706, -0.666531, -0.220340, 0.725141
-0.186643, -0.678335, -0.219584, 0.737015
-0.226387, -0.744971, -0.232816, 0.812672
-0.243331, -0.806034, -0.285090, 0.888919
-0.259810, -0.837156, -0.289683, 0.923172
-0.292758, -0.861637, -0.281749, 0.952632
-0.351682, -0.952279, -0.241634, 1.043505
-0.379482, -1.000238, -0.229199, 1.094082
-0.366315, -0.976448, -0.213055, 1.064439
-0.357051, -0.945291, -0.193672, 1.028868
-0.346716, -0.914332, -0.175852, 0.993549
-0.329025, -0.893506, -0.160702, 0.965627
-0.308345, -0.877620, -0.146008, 0.941601
-0.287266, -0.866936, -0.139797, 0.923928
-0.269359, -0.853157, -0.136450, 0.905014
-0.261748, -0.836121, -0.132759, 0.886135
-0.247938, -0.823834, -0.130607, 0.870192
-0.231224, -0.819609, -0.131201, 0.861648
-0.210183, -0.814387, -0.134168, 0.851707
-0.190306, -0.819929, -0.134598, 0.852418
-0.180159, -0.831547, -0.131580, 0.860954
-0.176092, -0.836688, -0.133049, 0.865307
-0.176823, -0.836097, -0.165308, 0.870432
-0.184351, -0.839926, -0.171553, 0.876865
-0.183201, -0.830384, -0.154014, 0.864188
-0.180926, -0.840476, -0.160034, 0.874497
-0.166381, -0.869362, -0.176247, 0.902516
-0.151964, -0.889841, -0.186060, 0.921699
-0.126405, -0.912145, -0.199166, 0.942154
-0.125174, -0.940449, -0.195191, 0.968614
-0.155268, -0.964955, -0.174008, 0.992736
-0.192065, -0.977988, -0.177236, 1.012306
-0.239850, -0.983643, -0.179556, 1.028262
-0.288072, -1.017923, -0.143213, 1.067549
-0.339452, -1.073869, -0.110141, 1.131616
-0.330699, -1.019726, -0.108516, 1.077487
-0.321872, -0.957480, -0.110362, 1.016145
-0.314507, -0.888612, -0.116400, 0.949786
-0.298056, -0.823361, -0.121830, 0.884083
-0.279826, -0.774443, -0.127394, 0.833243
-0.265817, -0.738319, -0.136970, 0.796577
-0.249689, -0.706402, -0.144707, 0.763078
-0.230414, -0.680827, -0.157307, 0.735772
-0.218041, -0.680860, -0.182453, 0.737836
-0.208632, -0.691980, -0.193684, 0.748250
-0.232899, -0.705867, -0.194931, 0.768432
-0.255294, -0.763379, -0.197901, 0.828908
-0.255397, -0.825242, -0.225283, 0.892751
-0.212552, -0.821918, -0.274521, 0.892239
-0.222206, -0.813241, -0.273465, 0.886296
-0.252358, -0.845533, -0.293433, 0.929900
-0.297316, -0.948413, -0.271890, 1.030441
-0.341086, -0.972591, -0.249599, 1.060459
-0.361843, -0.963908, -0.260781, 1.062099
-0.355128, -0.933349, -0.275216, 1.035857
-0.352524, -0.937338, -0.251519, 1.032539
-0.345412, -0.968034, -0.208416, 1.048731
-0.338253, -0.971563, -0.187652, 1.045736
-0.334772, -0.972177, -0.181432, 1.044088
-0.332597, -0.969507, -0.183037, 1.041185
-0.322911, -0.954878, -0.181367, 1.024186
-0.314392, -0.936698, -0.171110, 1.002759
-0.303009, -0.915800, -0.160329, 0.977859
-0.282945, -0.896247, -0.152190, 0.952092
-0.263947, -0.901507, -0.148179, 0.950968
-0.242759, -0.879224, -0.146128, 0.923753
-0.226758, -0.859847, -0.145938, 0.901140
-0.217425, -0.850194, -0.141875, 0.888950
-0.207029, -0.831466, -0.139291, 0.868101
-0.195389, -0.818890, -0.140665, 0.853548
-0.180628, -0.814499, -0.138009, 0.845625
-0.170883, -0.816711, -0.127934, 0.844148
-0.166032, -0.824578, -0.123641, 0.850166
-0.165009, -0.827956, -0.126786, 0.853706
-0.154262, -0.832510, -0.145568, 0.859104
-0.153565, -0.834805, -0.147088, 0.861461
-0.145401, -0.827768, -0.136391, 0.851437
-0.141399, -0.853290, -0.154985, 0.878702
-0.134173, -0.894440, -0.169469, 0.920187
-0.121092, -0.919124, -0.176656, 0.943748
-0.118488, -0.942175, -0.178354, 0.966201
-0.162996, -0.966982, -0.159157, 0.993455
-0.198728, -0.990806, -0.163784, 1.023726
-0.232866, -0.999720, -0.146250, 1.036849
-0.277783, -1.003470, -0.128827, 1.049149
-0.328387, -1.043242, -0.112283, 1.099454
-0.316072, -0.998154, -0.113069, 1.053090
-0.302325, -0.945759, -0.113970, 0.999424
-0.285478, -0.884042, -0.112153, 0.935739
-0.267656, -0.822000, -0.117719, 0.872457
-0.253442, -0.775495, -0.126227, 0.825565
-0.248483, -0.738033, -0.135726, 0.790479
-0.241734, -0.703016, -0.166450, 0.761822
-0.233374, -0.679677, -0.171802, 0.738878
-0.220226, -0.673950, -0.183133, 0.732288
-0.212315, -0.687188, -0.201981, 0.747062
-0.208826, -0.707623, -0.211538, 0.767520
-0.223340, -0.734153, -0.207193, 0.794852
-0.250515, -0.790902, -0.236266, 0.862616
-0.236691, -0.829804, -0.292473, 0.911119
-0.244010, -0.853130, -0.310526, 0.940105
-0.258798, -0.856571, -0.328123, 0.953077
-0.305207, -0.914452, -0.293164, 1.007631
-0.322420, -0.948116, -0.253651, 1.033063
-0.339904, -0.926068, -0.258296, 1.019732
-0.316029, -0.880458, -0.277067, 0.975626
-0.306485, -0.878398, -0.259410, 0.965821
-0.293608, -0.934745, -0.216486, 1.003404
-0.307982, -0.941152, -0.215437, 1.013427
-0.321195, -0.943976, -0.208559, 1.018702
-0.324107, -0.948221, -0.204708, 1.022778
-0.309933, -0.940760, -0.199300, 1.010350
-0.297568, -0.923528, -0.187626, 0.988258
-0.287594, -0.903481, -0.172652, 0.963741
-0.274329, -0.890098, -0.158505, 0.944805
-0.255913, -0.875030, -0.150258, 0.923984
-0.241068, -0.856644, -0.144982, 0.901650
-0.233538, -0.840205, -0.140140, 0.883246
-0.230011, -0.826654, -0.131310, 0.868046
-0.214722, -0.817974, -0.127164, 0.855194
-0.196201, -0.814244, -0.126840, 0.847099
-0.179163, -0.809752, -0.124117, 0.838572
-0.170139, -0.809789, -0.118944, 0.835974
-0.167748, -0.815035, -0.114583, 0.839971
-0.170369, -0.817478, -0.115137, 0.842943
-0.172917, -0.810575, -0.125948, 0.838329
-0.190857, -0.806453, -0.128665, 0.838658
-0.199643, -0.815353, -0.123715, 0.848506
-0.177106, -0.841555, -0.143877, 0.871942
-0.149969, -0.869385, -0.167651, 0.898013
-0.137110, -0.899056, -0.178038, 0.926714
-0.136423, -0.920148, -0.176386, 0.946781
-0.160900, -0.941769, -0.166046, 0.969737
-0.186825, -0.950976, -0.138750, 0.979035
-0.239050, -0.946554, -0.124612, 0.984194
-0.275138, -0.954142, -0.106936, 0.998761
-0.313127, -1.016322, -0.088024, 1.067102
-0.343092, -1.065605, -0.089793, 1.123071
-0.307541, -1.000540, -0.087882, 1.050421
-0.302287, -0.935771, -0.087622, 0.987281
-0.298230, -0.875914, -0.088654, 0.929530
-0.286566, -0.826728, -0.091235, 0.879729
-0.274837, -0.787140, -0.100366, 0.839761
-0.265338, -0.752866, -0.109551, 0.805737
-0.254315, -0.717872, -0.119952, 0.770977
-0.237437, -0.705360, -0.138450, 0.757018
-0.219873, -0.712496, -0.165008, 0.763690
-0.203791, -0.715312, -0.182569, 0.765855
-0.207649, -0.743437, -0.188340, 0.794537
-0.225812, -0.806361, -0.206372, 0.862437
-0.203312, -0.855080, -0.245257, 0.912496
-0.208649, -0.893586, -0.243256, 0.949317
-0.226712, -0.900631, -0.272492, 0.967877
-0.272249, -0.945924, -0.258798, 1.017776
-0.329135, -1.004286, -0.214281, 1.078349
-0.322470, -0.988430, -0.212871, 1.061270
-0.313422, -0.968862, -0.204111, 1.038551
-0.302996, -0.940838, -0.190104, 1.006540
-0.288181, -0.919523, -0.172838, 0.979001
-0.266079, -0.908790, -0.159937, 0.960352
-0.238188, -0.890796, -0.152421, 0.934604
-0.224365, -0.868738, -0.145079, 0.908897
-0.217468, -0.876200, -0.135655, 0.912918
-0.212983, -0.865279, -0.127957, 0.900246
-0.202843, -0.865412, -0.125122, 0.897629
-0.190671, -0.857663, -0.127436, 0.887796
-0.175812, -0.849747, -0.127571, 0.877071
-0.167888, -0.838457, -0.126622, 0.864425
-0.166297, -0.835603, -0.128883, 0.861683
-0.167251, -0.831425, -0.137239, 0.859113
-0.178605, -0.824066, -0.145921, 0.855732
-0.194445, -0.828917, -0.131548, 0.861520
-0.189702, -0.857166, -0.140803, 0.889127
-0.162919, -0.875556, -0.148348, 0.902856
-0.155816, -0.908967, -0.164181, 0.936725
-0.162024, -0.924794, -0.166648, 0.953556
-0.175622, -0.942820, -0.165169, 0.973156
-0.198060, -0.964717, -0.144674, 0.995409
-0.223964, -0.968201, -0.129648, 1.002189
-0.258996, -0.972661, -0.118470, 1.013501
-0.294125, -1.015345, -0.105109, 1.062301
-0.328007, -1.062073, -0.103990, 1.116423
-0.321456, -0.996985, -0.102790, 1.052558
-0.313942, -0.928593, -0.100542, 0.985369
-0.303558, -0.871733, -0.099397, 0.928410
-0.291358, -0.821546, -0.104691, 0.877946
-0.278669, -0.778310, -0.115775, 0.834761
-0.269166, -0.741228, -0.128467, 0.798982
-0.254514, -0.709681, -0.143773, 0.767525
-0.238092, -0.697330, -0.165320, 0.755174
-0.222561, -0.702431, -0.193648, 0.761868
-0.202678, -0.709863, -0.215426, 0.769020
-0.195866, -0.744698, -0.221586, 0.801273
-0.213021, -0.805504, -0.242789, 0.867848
-0.202305, -0.843220, -0.278784, 0.910861
-0.224442, -0.893630, -0.334504, 0.980226
-0.234712, -0.894794, -0.335775, 0.984119
-0.273050, -0.945319, -0.315806, 1.033401
-0.337298, -0.990662, -0.271094, 1.081052
-0.341452, -0.984329, -0.253066, 1.072164
-0.335264, -0.961099, -0.230724, 1.043717
-0.312619, -0.934236, -0.207519, 1.006773
-0.291110, -0.910457, -0.186942, 0.973974
-0.271671, -0.897130, -0.169508, 0.952565
-0.253045, -0.901922, -0.158694, 0.950094
-0.244596, -0.883957, -0.150428, 0.929427
-0.238333, -0.871402, -0.136962, 0.913730
-0.234133, -0.865231, -0.127091, 0.905314
-0.220336, -0.862998, -0.124828, 0.899386
-0.204208, -0.852649, -0.123572, 0.885427
-0.194760, -0.844195, -0.125167, 0.875365
-0.190081, -0.836877, -0.129617, 0.867925
-0.178622, -0.841860, -0.162124, 0.875738
-0.161541, -0.842265, -0.171705, 0.874636
-0.161925, -0.834857, -0.187618, 0.870865
-0.181067, -0.844782, -0.174883, 0.881491
-0.175477, -0.858543, -0.187168, 0.896058
-0.151175, -0.874804, -0.217382, 0.913997
-0.140198, -0.899285, -0.229571, 0.938654
-0.151796, -0.914097, -0.229150, 0.954529
-0.169572, -0.938508, -0.219238, 0.978579
-0.185845, -0.955911, -0.184639, 0.991159
-0.210880, -0.962651, -0.159946, 0.998374
-0.250759, -0.979045, -0.139490, 1.020228
-0.290821, -1.071323, -0.113214, 1.115853
-0.285915, -1.014119, -0.105831, 1.058955
-0.282743, -0.944855, -0.099970, 0.991306
-0.283135, -0.885789, -0.101606, 0.935473
-0.277190, -0.833618, -0.105315, 0.884785
-0.266691, -0.790398, -0.110791, 0.841503
-0.254482, -0.752288, -0.117856, 0.802863
-0.240449, -0.714604, -0.102320, 0.760884
-0.226494, -0.683084, -0.110822, 0.728138
-0.211749, -0.675307, -0.131698, 0.719876
-0.199062, -0.683385, -0.159034, 0.729337
-0.192804, -0.689796, -0.176029, 0.737548
-0.200822, -0.712528, -0.182459, 0.762441
-0.222440, -0.761787, -0.203321, 0.819230
-0.216977, -0.818786, -0.238232, 0.879912
-0.222465, -0.869667, -0.288307, 0.942832
-0.238087, -0.884997, -0.308628, 0.967035
-0.281715, -0.925135, -0.286528, 1.008631
-0.331350, -0.993363, -0.251574, 1.076965
-0.331141, -0.981166, -0.238041, 1.062547
-0.329426, -0.942899, -0.220812, 1.022906
-0.317102, -0.913508, -0.205026, 0.988477
-0.300867, -0.889826, -0.186549, 0.957660
-0.281209, -0.871562, -0.174019, 0.932192
-0.258378, -0.858739, -0.167518, 0.912280
-0.243476, -0.848724, -0.161963, 0.897689
-0.233318, -0.838675, -0.158816, 0.884893
-0.222562, -0.833619, -0.155013, 0.876632
-0.204969, -0.832295, -0.157722, 0.871552
-0.188957, -0.830820, -0.158407, 0.866636
-0.175225, -0.829209, -0.158537, 0.862221
-0.164212, -0.829940, -0.155637, 0.860226
-0.162036, -0.829744, -0.151765, 0.858932
-0.165709, -0.828147, -0.155969, 0.858844
-0.180654, -0.825004, -0.159068, 0.859401
-0.186555, -0.817343, -0.143079, 0.850485
-0.190336, -0.818701, -0.144946, 0.852941
-0.187152, -0.857363, -0.159663, 0.891958
-0.175128, -0.884264, -0.169395, 0.917217
-0.152484, -0.906466, -0.186611, 0.937952
-0.153111, -0.926147, -0.198299, 0.959434
-0.181538, -0.951714, -0.187407, 0.986832
-0.209391, -0.952147, -0.178292, 0.991069
-0.230624, -0.959835, -0.165329, 1.000902
-0.265748, -0.962010, -0.152601, 1.009639
-0.308117, -1.001501, -0.129188, 1.055760
-0.342880, -1.037110, -0.133233, 1.100416
-0.329297, -0.979749, -0.127725, 1.041470
-0.316318, -0.924468, -0.122578, 0.984745
-0.303787, -0.872194, -0.120867, 0.931460
-0.294903, -0.825658, -0.122248, 0.885225
-0.286533, -0.789400, -0.130105, 0.849812
-0.278433, -0.754898, -0.138533, 0.816448
-0.268858, -0.721122, -0.147960, 0.783705
-0.251851, -0.697002, -0.162178, 0.758646
-0.233312, -0.693985, -0.188585, 0.756052
-0.218453, -0.698096, -0.202604, 0.759018
-0.218926, -0.705775, -0.202272, 0.766134
-0.240439, -0.785192, -0.215301, 0.848936
-0.251961, -0.879456, -0.265058, 0.952462
-0.255166, -0.891431, -0.272641, 0.966485
-0.264919, -0.882200, -0.294637, 0.967093
-0.319203, -0.926411, -0.270347, 1.016472
-0.369548, -1.011667, -0.228948, 1.101115
-0.360722, -0.989760, -0.215066, 1.075173
-0.351830, -0.960769, -0.195481, 1.041669
-0.343261, -0.930811, -0.175144, 1.007429
-0.328589, -0.917425, -0.154520, 0.986669
-0.306999, -0.904059, -0.142880, 0.965394
-0.285674, -0.885594, -0.137763, 0.940673
-0.273271, -0.869083, -0.131897, 0.920532
-0.265934, -0.858216, -0.126135, 0.907285
-0.253706, -0.848918, -0.121439, 0.894301
-0.235553, -0.842546, -0.123930, 0.883587
-0.213407, -0.836436, -0.127337, 0.872573
-0.194732, -0.832838, -0.127287, 0.864720
-0.183854, -0.832256, -0.127632, 0.861825
-0.181514, -0.836472, -0.126483, 0.865234
-0.179313, -0.835524, -0.159305, 0.869271
-0.188403, -0.829458, -0.162652, 0.865998
-0.197436, -0.826562, -0.145524, 0.862185
-0.192869, -0.861778, -0.158236, 0.897162
-0.178075, -0.893259, -0.180467, 0.928542
-0.134429, -0.908109, -0.191315, 0.937728
-0.109585, -0.921085, -0.202918, 0.949517
-0.113674, -0.944034, -0.196425, 0.970929
-0.142637, -0.965051, -0.180468, 0.992087
-0.183091, -0.980539, -0.142477, 1.007610
-0.231780, -0.988496, -0.120376, 1.022417
-0.282627, -1.025889, -0.098262, 1.068635
-0.322151, -1.078853, -0.084504, 1.129091
-0.319720, -1.030843, -0.084682, 1.082603
-0.311713, -0.976483, -0.082507, 1.028344
-0.300791, -0.919066, -0.085026, 0.970766
-0.288869, -0.863449, -0.090892, 0.915014
-0.274618, -0.815424, -0.097625, 0.865946
-0.265428, -0.778301, -0.108935, 0.829501
-0.254300, -0.741600, -0.119105, 0.792985
-0.237805, -0.710015, -0.130295, 0.760033
-0.222303, -0.696967, -0.153394, 0.747470
-0.211415, -0.704664, -0.179031, 0.757166
-0.203914, -0.711207, -0.196250, 0.765448
-0.208522, -0.729888, -0.197822, 0.784443
-0.235853, -0.791427, -0.211203, 0.852402
-0.251749, -0.867053, -0.252033, 0.937379
-0.262132, -0.910230, -0.268807, 0.984627
-0.282824, -0.924509, -0.279223, 1.006316
-0.320707, -0.974222, -0.262906, 1.058811
-0.331302, -1.000161, -0.253485, 1.083669
-0.324228, -0.976095, -0.240441, 1.056265
-0.317007, -0.952366, -0.216938, 1.026916
-0.310895, -0.936146, -0.192203, 1.004971
-0.294044, -0.927056, -0.172293, 0.987715
-0.272116, -0.907129, -0.161198, 0.960684
-0.250296, -0.883710, -0.155210, 0.931494
-0.239643, -0.866251, -0.145738, 0.910527
-0.239795, -0.855290, -0.132161, 0.898048
-0.230390, -0.842305, -0.127054, 0.882440
-0.217638, -0.830722, -0.126741, 0.868060
-0.203690, -0.823149, -0.123638, 0.856943
-0.195630, -0.825534, -0.117249, 0.856460
-0.196589, -0.832512, -0.110821, 0.862557
-0.198023, -0.831394, -0.110781, 0.861801
-0.192061, -0.828872, -0.127965, 0.860402
-0.196623, -0.825846, -0.134760, 0.859559
-0.193855, -0.830897, -0.124526, 0.862250
-0.175146, -0.862074, -0.145190, 0.891587
-0.150496, -0.887743, -0.165038, 0.915409
-0.131954, -0.913101, -0.173645, 0.938786
-0.130546, -0.930503, -0.173991, 0.955590
-0.161817, -0.939707, -0.167882, 0.968204
-0.212076, -0.947700, -0.162096, 0.984574
-0.250118, -0.946736, -0.128095, 0.987561
-0.291962, -0.994496, -0.117754, 1.043134
-0.322913, -1.066261, -0.108649, 1.119370
-0.304852, -1.013927, -0.108341, 1.064293
-0.293953, -0.960132, -0.108065, 1.009921
-0.285964, -0.905215, -0.106551, 0.955271
-0.279257, -0.853742, -0.104411, 0.904302
-0.271603, -0.809349, -0.104141, 0.860034
-0.266342, -0.768951, -0.106622, 0.820727
-0.265905, -0.734139, -0.114301, 0.789132
-0.266752, -0.731458, -0.123251, 0.788275
-0.257113, -0.709521, -0.139373, 0.767432
-0.240048, -0.704579, -0.170314, 0.763585
-0.231286, -0.720799, -0.195804, 0.781910
-0.214150, -0.734912, -0.204815, 0.792404
-0.212957, -0.774997, -0.221189, 0.833604
-0.219899, -0.832941, -0.256635, 0.898893
-0.232154, -0.881828, -0.278200, 0.953368
-0.232297, -0.901716, -0.306252, 0.980226
-0.272023, -0.932586, -0.293245, 1.014745
-0.337424, -0.996178, -0.248567, 1.080746
-0.338225, -0.989859, -0.227651, 1.070534
-0.322153, -0.968915, -0.209522, 1.042343
-0.313328, -0.939654, -0.188258, 1.008248
-0.300430, -0.914855, -0.169134, 0.977663
-0.290358, -0.896251, -0.152326, 0.954346
-0.301624, -0.882269, -0.142464, 0.943224
-0.285993, -0.866946, -0.137486, 0.923196
-0.269646, -0.855726, -0.131842, 0.906839
-0.253895, -0.848763, -0.128323, 0.895169
-0.239063, -0.842027, -0.130120, 0.884925
-0.217423, -0.840141, -0.138157, 0.878747
-0.196244, -0.837212, -0.140910, 0.871373
-0.180729, -0.837990, -0.141050, 0.868784
-0.170307, -0.840491, -0.142344, 0.869306
-0.162842, -0.839707, -0.145064, 0.867565
-0.159850, -0.831799, -0.156655, 0.861384
-0.170518, -0.825160, -0.152292, 0.856247
-0.170189, -0.825256, -0.136985, 0.853684
-0.162927, -0.848282, -0.147930, 0.876362
-0.149144, -0.872874, -0.159525, 0.899779
-0.135223, -0.895654, -0.164698, 0.920656
-0.118219, -0.911496, -0.173145, 0.935296
-0.140522, -0.932093, -0.162256, 0.956488
-0.187964, -0.959715, -0.152172, 0.989717
-0.226048, -0.977257, -0.124424, 1.010748
-0.264686, -0.991042, -0.112215, 1.031899
-0.300770, -1.021449, -0.089464, 1.068562
-0.337799, -1.063960, -0.085056, 1.119532
-0.325109, -1.022378, -0.090335, 1.076621
-0.309975, -0.970766, -0.087299, 1.022787
-0.295221, -0.916674, -0.090017, 0.967238
-0.283669, -0.863004, -0.089347, 0.912813
-0.276621, -0.817773, -0.095264, 0.868531
-0.271809, -0.780982, -0.102725, 0.833286
-0.264142, -0.750740, -0.113910, 0.803964
-0.250472, -0.722880, -0.121731, 0.774668
-0.229591, -0.705503, -0.134504, 0.754015
-0.215394, -0.715564, -0.164087, 0.765082
-0.206251, -0.732668, -0.185340, 0.783386
-0.202037, -0.750704, -0.195891, 0.801716
-0.215327, -0.786829, -0.210439, 0.842467
-0.234148, -0.843298, -0.235002, 0.906202
-0.243728, -0.899483, -0.249405, 0.964715
-0.241655, -0.910578, -0.296117, 0.987540
-0.292271, -0.930794, -0.272262, 1.012880
-0.360881, -1.011249, -0.220260, 1.096072
-0.351591, -0.991279, -0.209491, 1.072444
-0.336367, -0.962135, -0.191343, 1.037043
-0.328401, -0.940665, -0.168504, 1.010491
-0.319711, -0.925244, -0.148256, 0.990087
-0.306743, -0.914314, -0.132188, 0.973414
-0.288879, -0.904390, -0.123576, 0.957415
-0.275008, -0.898404, -0.113982, 0.946441
-0.266733, -0.888849, -0.098738, 0.933246
-0.261867, -0.877129, -0.092132, 0.920010
-0.254819, -0.870665, -0.088720, 0.911516
-0.237794, -0.866274, -0.083804, 0.902219
-0.220958, -0.867917, -0.081620, 0.899314
-0.213545, -0.873187, -0.080921, 0.902555
-0.209169, -0.877073, -0.081557, 0.905350
-0.202466, -0.866538, -0.081253, 0.893579
-0.192336, -0.831472, -0.075240, 0.856738
-0.185801, -0.786383, -0.089193, 0.812943
-0.175727, -0.762327, -0.095125, 0.788081
-0.177258, -0.747897, -0.097152, 0.774732
-0.192852, -0.744305, -0.093332, 0.774527
-0.204586, -0.766382, -0.078903, 0.797134
-0.263610, -0.819791, -0.134029, 0.871500
-0.322607, -0.925263, -0.104022, 0.985397
-0.361350, -0.998218, -0.088225, 1.065268
-0.373005, -1.027618, -0.089293, 1.096861
-0.374135, -1.001355, -0.098620, 1.073506
-0.388796, -0.974230, -0.105451, 1.054233
-0.400073, -0.950594, -0.107411, 1.036931
-0.398382, -0.931614, -0.103531, 1.018495
-0.386938, -0.916441, -0.105101, 1.000315
-0.372926, -0.902226, -0.114198, 0.982918
-0.363759, -0.891055, -0.123838, 0.970379
-0.359428, -0.875037, -0.107311, 0.952047
-0.355437, -0.860063, -0.115893, 0.937804
-0.348699, -0.847166, -0.124682, 0.924569
-0.341018, -0.839549, -0.133656, 0.915969
-0.335065, -0.834310, -0.141337, 0.910119
-0.336485, -0.829978, -0.147466, 0.907652
-0.340339, -0.826650, -0.152103, 0.906817
-0.345045, -0.825649, -0.155008, 0.908174
-0.346320, -0.825791, -0.158593, 0.909406
-0.343935, -0.824307, -0.164541, 0.908211
-0.342554, -0.821077, -0.170085, 0.905781
-0.343125, -0.819215, -0.175168, 0.905280
-0.343543, -0.818488, -0.178960, 0.905523
-0.343824, -0.818119, -0.184122, 0.906330
-0.344458, -0.817787, -0.187500, 0.906963
-0.341688, -0.816066, -0.188494, 0.904569
-0.341011, -0.811770, -0.193182, 0.901431
-0.343264, -0.809044, -0.196815, 0.900621
-0.345481, -0.810100, -0.195120, 0.902048
-0.346998, -0.816168, -0.193498, 0.907733
-0.348266, -0.824468, -0.193986, 0.915788
-0.347499, -0.833165, -0.196467, 0.923861
-0.342992, -0.843451, -0.199088, 0.932035
-0.335981, -0.852701, -0.200958, 0.938278
-0.329294, -0.854479, -0.203029, 0.937971
-0.324617, -0.849916, -0.206060, 0.932842
-0.319647, -0.848183, -0.209952, 0.930413
-0.312124, -0.849468, -0.212966, 0.929716
-0.302496, -0.853467, -0.214801, 0.930618
-0.295842, -0.858012, -0.214602, 0.932610
-0.292911, -0.860772, -0.210824, 0.933366
-0.293233, -0.860220, -0.206259, 0.931938
-0.295240, -0.860198, -0.203224, 0.931884
-0.295900, -0.857714, -0.201273, 0.929377
-0.295349, -0.855006, -0.202242, 0.926914
-0.293804, -0.855509, -0.204087, 0.927291
-0.290792, -0.861175, -0.203411, 0.931428
-0.286079, -0.866176, -0.202900, 0.934489
-0.282223, -0.868019, -0.201662, 0.934759
-0.280664, -0.870055, -0.197047, 0.935198
-0.283173, -0.871318, -0.193383, 0.936365
-0.285430, -0.869989, -0.192812, 0.935696
-0.283834, -0.869836, -0.192979, 0.935103
-0.279536, -0.870742, -0.193325, 0.934722
-0.273476, -0.870987, -0.192759, 0.933040
-0.269458, -0.871777, -0.192057, 0.932464
-0.265940, -0.872203, -0.191911, 0.931822
-0.263157, -0.874007, -0.217950, 0.938426
-0.261705, -0.878948, -0.215197, 0.941992
-0.259921, -0.881400, -0.211165, 0.942877
-0.256982, -0.882753, -0.209581, 0.942983
-0.277620, -0.885391, -0.208157, 0.950957
-0.247613, -0.885678, -0.207558, 0.942771
-0.244481, -0.885462, -0.205851, 0.941376
-0.242619, -0.885552, -0.204608, 0.940708
-0.241613, -0.885823, -0.203101, 0.940378
-0.238990, -0.884361, -0.202330, 0.938162
-0.235010, -0.881908, -0.201928, 0.934754
-0.231335, -0.881408, -0.201080, 0.933182
-0.228793, -0.883044, -0.200999, 0.934084
-0.228225, -0.884421, -0.201023, 0.935252
-0.229717, -0.885469, -0.200655, 0.936530
-0.228960, -0.887359, -0.199838, 0.937958
-0.225608, -0.888681, -0.199590, 0.938343
-0.221449, -0.889110, -0.199464, 0.937733
-0.219044, -0.888833, -0.199740, 0.936964
-0.217453, -0.887067, -0.200377, 0.935054
-0.216786, -0.885385, -0.200172, 0.933258
-0.217809, -0.884725, -0.199598, 0.932747
-0.219969, -0.886880, -0.197039, 0.934755
-0.222961, -0.890808, -0.193376, 0.938427
-0.225270, -0.891877, -0.192222, 0.939755
-0.200534, -0.890279, -0.194297, 0.933039
-0.200521, -0.889220, -0.196164, 0.932417
-0.200415, -0.888648, -0.197161, 0.932059
-0.202513, -0.888702, -0.195431, 0.932199
-0.206977, -0.888940, -0.194362, 0.933183
-0.211659, -0.887827, -0.192233, 0.932732
-0.215965, -0.886731, -0.190805, 0.932384
-0.218692, -0.885651, -0.189326, 0.931691
-0.220477, -0.886575, -0.188774, 0.932878
-0.221032, -0.887691, -0.189543, 0.934225
-0.244909, -0.888789, -0.189748, 0.941239
-0.266763, -0.891009, -0.188570, 0.949009
-0.261703, -0.891678, -0.187900, 0.948095
-0.257343, -0.890479, -0.187881, 0.945768
-0.253805, -0.889590, -0.187864, 0.943970
-0.251481, -0.891160, -0.187557, 0.944768
-0.249964, -0.893047, -0.185432, 0.945727
-0.247645, -0.893321, -0.183327, 0.944965
-0.245083, -0.892241, -0.182212, 0.943059
-0.266824, -0.891743, -0.182571, 0.948543
-0.262140, -0.891485, -0.181727, 0.946831
-0.257069, -0.892107, -0.181648, 0.946010
-0.229417, -0.893045, -0.180508, 0.939544
-0.228309, -0.893414, -0.179482, 0.939429
-0.227026, -0.892609, -0.179046, 0.938269
