0.006408
0.007293
0.007029
0.007337
0.005552
0.005824
0.003859
-0.001407
-0.000142
0.003114
0.006468
0.007878
0.007010
0.002975
0.001227
0.019320
0.005539
-0.004801
-0.003502
-0.010597
-0.007634
0.006414
0.013328
-0.011390
-0.007855
-0.006586
-0.005533
-0.004009
-0.002306
-0.007535
0.093962
0.018254
-0.019485
-0.034284
-0.033963
0.000076
0.022126
0.013769
0.001534
-0.005652
-0.007862
0.000387
0.005437
0.006172
0.001716
-0.003664
-0.000580
0.0000.000112
0.000311
-0.000173
-0.000002
0.000141
0.000208
0.000154
0.000520
-0.000272
-0.000659
0.000129
0.000224
-0.000035
-0.000205
-0.000004
0.000432
0.000129
0.000407
0.000028
0.000394
0.000103
0.001288
-0.000986
0.000145
-0.000717
0.000108
-0.000115
0.000002
-0.000389
-0.000773
-0.000124
-0.000132
-0.000235
-0.000308
-0.000223
0.000382
0.000238
-0.000908
-0.000228
-0.000053
0.000317
-0.000443
-0.000380
-0.000157
-0.004243
-0.002421
0.001767
0.000588
0.000719
0.002390
-0.003747
0.000653
0.001053
-0.000902
-0.002076
-0.000134
-0.000787
-0.001012
0.001447
-0.008315
-0.001103
-0.002142
-0.007100
-0.002256
0.011314
-0.001136
0.025479
0.044207
-0.012480
-0.050290
-0.034587
-0.011190
0.011369
0.040130
0.088066
0.034195
-0.031165
-0.022726
0.074672
-0.001816
-0.040595
-0.044354
-0.041285
-0.002745
-0.008523
0.005585
0.002214
-0.014411
-0.005827
0.016607
0.009956
0.031307
0.048111
0.045055
0.012697
-0.015126
-0.018012
-0.042816
-0.015179
-0.022268
0.082981
0.123183
-0.023713
-0.095506
0.010164
-0.027555
-0.063238
-0.062136
-0.032348
-0.001883
-0.024653
-0.014358
0.019795
0.032918
0.025658
0.041142
0.033272
0.018982
0.057343
0.024944
-0.069147
-0.073577
-0.056813
-0.051188
-0.062673
-0.056021
-0.043140
0.135789
0.046420
-0.083323
-0.054478
0.062484
0.085386
0.039070
-0.020125
-0.021076
0.015220
0.105460
0.064457
-0.000553
0.025743
-0.016488
-0.004358
-0.019113
-0.047454
-0.037513
0.083340
0.321468
-0.049970
0.025653
0.120641
-0.178763
-0.094577
-0.061550
-0.035416
-0.052880
-0.017065
-0.032787
-0.028439
-0.012029
0.040932
0.005961
0.049430
0.057179
0.100767
0.031669
0.032506
-0.013359
-0.102005
-0.084296
-0.042626
-0.020324
-0.004571
0.032888
0.198544
-0.047391
0.008576
-0.059281
-0.086493
-0.069168
-0.044924
-0.004477
0.004890
0.025192
0.030197
0.020486
0.035868
0.026239
0.040693
-0.071535
-0.073947
-0.069688
-0.053427
-0.053967
-0.047460
-0.038461
-0.003252
0.020148
-0.063325
-0.003629
0.060070
0.064156
0.020047
-0.026044
0.025045
0.045669
0.042790
0.063643
0.031528
0.061518
-0.077373
-0.091051
-0.071824
-0.051960
-0.064762
-0.034303
-0.005056
0.021343
0.056786
-0.064985
0.028981
0.086682
0.053966
-0.022677
0.015090
0.001986
-0.017648
-0.015445
0.013112
0.007989
0.053313
0.043612
-0.003301
-0.013941
-0.030847
-0.051696
-0.056562
-0.055918
-0.038627
-0.045239
-0.039710
0.080586
0.133556
0.091967
-0.082530
0.009091
0.055328
0.003789
-0.007126
-0.005786
-0.015074
-0.003493
-0.007247
0.003898
0.014216
0.063328
0.038464
0.019495
-0.015532
-0.004699
-0.008614
-0.060771
-0.069513
0.033363
0.146731
0.021948
-0.045261
0.147469
0.125490
-0.117868
-0.132293
-0.077212
-0.014557
-0.018652
0.115301
0.133299
0.077826
0.094446
0.018891
-0.047595
-0.030497
-0.054162
-0.056602
-0.029576
0.207943
0.148479
-0.115622
0.034462
0.050162
-0.029887
-0.084039
-0.086503
-0.072473
-0.030559
-0.012121
-0.021417
0.045599
0.000499
0.063328
0.136062
0.071923
-0.019791
0.013890
-0.125983
-0.103950
-0.076688
-0.029803
-0.015727
0.049121
0.120833
-0.078422
0.062644
-0.027836
-0.113820
-0.036174
-0.032577
-0.018186
-0.031970
0.026242
0.040059
0.065958
-0.008074
0.039039
0.096326
0.108406
-0.112511
-0.100302
-0.077792
-0.058237
-0.031897
-0.043044
0.023404
-0.026706
0.062768
0.077859
-0.009819
-0.053136
-0.018967
-0.031635
-0.022568
0.026752
0.115346
0.076094
-0.107089
-0.083032
-0.073600
-0.068359
-0.053435
-0.023035
0.017941
0.063214
-0.056585
-0.069689
-0.011334
0.078093
0.033707
-0.071248
0.007572
-0.012173
0.035131
0.042837
0.044501
0.041146
0.050457
0.014000
0.106636
-0.046833
-0.074183
-0.098960
-0.083262
-0.062930
-0.044650
-0.021148
0.018104
-0.037217
0.000708
0.088394
0.073168
-0.015479
-0.049256
-0.018862
-0.013521
0.010985
0.046788
0.050819
0.054512
0.078486
0.016272
-0.022545
-0.068992
-0.072568
-0.075469
-0.053924
-0.032626
-0.008885
0.116071
-0.103480
-0.023623
0.037875
0.112649
0.048036
-0.110464
0.061229
0.008398
0.022770
0.015579
0.041530
0.057663
-0.066913
-0.087302
-0.037202
-0.017836
-0.029054
-0.020624
-0.041500
-0.025641
0.026986
0.091351
0.054887
-0.055514
-0.021412
-0.004455
0.017277
0.022255
0.075540
0.017057
0.054895
0.078666
0.017451
0.008519
-0.075838
-0.081112
-0.093764
-0.056664
-0.034851
-0.020972
-0.001700
-0.011565
-0.070061
0.096111
0.141412
0.003794
-0.043926
-0.015955
0.020320
0.017174
0.031429
0.030094
0.049791
0.060648
0.065345
0.003905
-0.020453
-0.033252
-0.072807
-0.088237
-0.054515
-0.022412
-0.037445
0.190136
0.049620
-0.081149
-0.020340
0.040477
0.079777
-0.003463
-0.078263
-0.006981
-0.000868
0.019148
0.008600
0.035147
0.066400
0.081487
0.004262
-0.036774
-0.019294
0.134430
-0.015786
-0.079725
0.014321
0.081722
0.036096
-0.129011
-0.014793
-0.008074
0.010578
0.022946
0.022476
0.053999
0.077111
0.037337
-0.026831
-0.020432
-0.091922
-0.122596
-0.055497
-0.053770
-0.007100
-0.012770
0.178699
0.064160
-0.079654
-0.050294
0.049769
0.068999
-0.025885
-0.005014
-0.019088
-0.018853
0.024063
0.036156
0.064349
0.095569
0.015406
-0.055145
-0.106370
-0.120451
-0.073567
-0.033991
-0.009701
0.103398
-0.036115
-0.043059
0.057207
0.090191
-0.004432
-0.053175
-0.032703
-0.003813
0.003635
0.012271
0.029254
0.071197
0.080401
0.069347
0.003125
-0.057059
-0.104444
-0.104003
-0.045549
-0.025226
-0.031164
-0.017131
0.031020
-0.074858
-0.035321
0.006301
0.020788
0.032992
0.052979
0.073123
0.053277
0.022545
0.000725
-0.062790
-0.080949
-0.081904
-0.019006
-0.006986
-0.045167
-0.047770
-0.035701
0.059415
0.104127
0.013098
-0.136302
0.026021
0.037596
0.044760
0.040748
0.045845
0.045048
0.030929
0.027746
-0.111859
-0.120599
-0.031744
-0.022250
-0.057276
-0.026963
0.015597
-0.034127
-0.004287
0.087550
0.098785
-0.012269
-0.098394
0.020605
0.002369
0.028046
0.040037
0.060294
0.052832
0.060993
0.021199
0.145129
-0.101793
-0.082068
-0.057792
-0.052831
-0.040840
-0.016666
0.020418
-0.084601
0.004523
0.145007
0.050640
-0.059603
0.005464
-0.027970
0.028830
0.081614
0.137330
-0.126962
-0.050233
-0.029750
-0.065555
-0.079721
0.027975
0.136751
0.265145
-0.011999
0.003483
-0.106509
-0.095308
-0.004918
-0.038498
0.030103
0.043117
0.061067
0.018871
0.038893
0.148297
0.150091
-0.060613
-0.082995
-0.080230
-0.125426
-0.059098
0.069009
0.180012
0.016911
-0.048326
-0.171564
-0.036261
-0.038361
-0.048943
-0.011360
-0.012055
-0.007369
0.056630
0.079762
-0.004794
0.035989
0.134852
0.149631
0.025027
-0.007913
-0.098943
-0.099272
-0.075696
-0.054369
-0.026373
0.074764
0.172936
0.013650
-0.003465
-0.041663
-0.142352
-0.040542
-0.040516
-0.023411
0.005585
0.046987
0.052666
0.072969
-0.002971
-0.016471
0.031396
-0.079758
-0.030318
0.090702
-0.097150
-0.026554
0.090074
0.002835
-0.101019
-0.030581
-0.019843
-0.012980
0.031487
0.047055
0.067038
0.042952
0.053791
0.060601
0.116444
-0.133698
-0.072105
-0.054314
-0.056262
-0.059643
-0.035362
0.097168
0.123509
0.017173
0.012968
-0.040505
-0.112451
-0.039524
-0.032288
0.022137
0.070570
0.049093
0.080405
-0.014215
0.090470
0.208118
0.030766
-0.146932
-0.127211
-0.101974
0.000603
0.116717
0.242215
0.066945
-0.056292
-0.106995
-0.051234
-0.071211
-0.042041
-0.018188
-0.014767
0.068952
0.022579
0.055610
0.081938
0.155017
-0.001393
-0.030572
-0.038855
-0.105783
-0.107918
-0.059237
0.034528
0.111760
0.228678
-0.074876
-0.020923
-0.008582
-0.017487
-0.010457
-0.005861
0.040272
0.156315
0.103141
-0.055499
-0.001303
-0.057410
-0.003793
-0.078833
-0.019787
0.031633
0.156751
0.039561
-0.136431
0.054715
0.222745
-0.045141
-0.081132
-0.084632
-0.060362
-0.045499
-0.037351
-0.030105
-0.016663
0.031718
0.023310
0.070286
0.183474
0.031685
-0.050581
-0.048294
0.003392
-0.103108
-0.072249
-0.042727
-0.000763
0.141587
0.092238
-0.089659
-0.157809
-0.000060
-0.043019
-0.032421
-0.051474
-0.022351
-0.013987
-0.014237
0.036860
0.068802
0.023810
0.058850
0.138797
0.070572
-0.009416
-0.113972
-0.105923
-0.087519
-0.051131
-0.018473
-0.011549
0.049285
0.229760
0.009039
-0.056705
-0.055977
-0.004814
0.023548
0.037903
0.037515
0.004436
0.007986
0.107182
0.132435
-0.112408
-0.136748
-0.120816
-0.104930
-0.079700
-0.042100
0.001461
0.027960
-0.062895
-0.000320
0.049308
0.062555
-0.014665
-0.113569
0.002002
-0.004255
0.031446
0.038476
0.069019
0.098469
0.032874
0.026778
-0.067036
-0.096852
-0.075415
-0.057289
-0.039888
-0.029842
-0.053877
-0.035598
-0.052703
0.079881
0.086998
0.016827
-0.015997
-0.028700
-0.014292
-0.003760
0.004008
0.028631
0.017953
0.063495
0.098106
0.015626
0.035975
-0.043878
-0.100270
-0.063981
-0.052637
-0.055221
-0.068306
-0.045842
0.146525
0.070687
-0.047530
0.012452
0.047214
0.079885
-0.003658
0.004879
0.020706
0.046229
0.076383
0.024533
0.037982
-0.029577
-0.038431
-0.056958
-0.094001
-0.053726
-0.059400
-0.069202
0.122999
0.087244
-0.037956
-0.066299
0.020318
0.098244
0.067940
-0.013261
-0.024105
-0.047082
-0.035879
-0.005452
0.017619
0.011177
0.059888
0.031783
0.064110
-0.037537
-0.001236
-0.046780
-0.054186
-0.062391
0.065898
0.211325
-0.022015
-0.019470
0.133447
0.191849
-0.165265
-0.044912
-0.032630
-0.008418
-0.020151
-0.025811
-0.040726
-0.025773
-0.017643
0.002342
-0.013112
-0.015061
-0.006333
0.002345
0.073355
0.132633
0.025710
-0.037488
-0.043759
-0.043763
-0.037679
-0.028559
-0.022801
-0.029479
-0.033687
-0.000710
