0.954467, 0.064117, -0.013662, 0.956716
0.954580, 0.064044, -0.013288, 0.956818
0.954300, 0.063885, -0.013924, 0.956537
0.954334, 0.063741, -0.014205, 0.956566
0.954365, 0.063991, -0.014068, 0.956611
0.954202, 0.064310, -0.014626, 0.956478
0.953864, 0.064313, -0.014349, 0.956138
0.953847, 0.064032, -0.014587, 0.956105
0.953641, 0.064631, -0.014995, 0.955946
0.953264, 0.064602, -0.015557, 0.955577
0.953117, 0.064671, -0.015965, 0.955442
0.953079, 0.065396, -0.015456, 0.955445
0.953809, 0.065763, -0.015193, 0.956194
0.954084, 0.065525, -0.014762, 0.956445
0.953853, 0.064742, -0.015834, 0.956179
0.952692, 0.064986, -0.015533, 0.955032
0.952030, 0.065585, -0.015360, 0.954410
0.952006, 0.065839, -0.015885, 0.954412
0.952940, 0.065972, -0.015773, 0.955351
0.955401, 0.065713, -0.014408, 0.957766
0.954847, 0.065385, -0.014251, 0.957189
0.955113, 0.064616, -0.013818, 0.957396
0.954493, 0.064494, -0.014790, 0.956783
0.954698, 0.064952, -0.015081, 0.957024
0.954502, 0.065270, -0.015050, 0.956849
0.954420, 0.065271, -0.014147, 0.956754
0.954538, 0.064798, -0.013724, 0.956833
0.955025, 0.064373, -0.014219, 0.957298
0.955273, 0.064559, -0.014762, 0.957566
0.956068, 0.065485, -0.015055, 0.958426
0.953920, 0.065275, -0.015222, 0.956272
0.955233, 0.064328, -0.014885, 0.957513
0.956128, 0.064234, -0.014875, 0.958398
0.956455, 0.064055, -0.014962, 0.958714
0.955604, 0.064179, -0.014749, 0.957871
0.955794, 0.064385, -0.014655, 0.958072
0.955010, 0.064475, -0.014083, 0.957287
0.954782, 0.065030, -0.014834, 0.957109
0.954195, 0.065624, -0.015704, 0.956578
0.953763, 0.065305, -0.014735, 0.956109
0.952420, 0.065398, -0.014739, 0.954776
0.951212, 0.065955, -0.015911, 0.953629
0.951176, 0.066930, -0.018034, 0.953698
0.951334, 0.068280, -0.019944, 0.953990
0.952048, 0.069305, -0.021856, 0.954818
0.952596, 0.069564, -0.022505, 0.955397
0.952992, 0.067995, -0.023673, 0.955708
0.952777, 0.065826, -0.024820, 0.955370
0.951342, 0.063496, -0.027311, 0.953850
0.952724, 0.061780, -0.030524, 0.955213
0.954062, 0.062891, -0.032441, 0.956683
0.953452, 0.063701, -0.032705, 0.956137
0.953286, 0.062912, -0.034986, 0.956000
0.953518, 0.062203, -0.034994, 0.956185
0.951722, 0.061944, -0.033834, 0.954336
0.951921, 0.059531, -0.033569, 0.954371
0.948187, 0.059447, -0.030704, 0.950545
0.947501, 0.061267, 0.001254, 0.949481
0.948411, 0.061671, 0.002850, 0.950418
0.949420, 0.070565, 0.010025, 0.952091
0.948991, 0.077427, 0.037881, 0.952898
0.950896, 0.078099, 0.039194, 0.954903
0.950987, 0.081264, 0.040764, 0.955323
0.949256, 0.085436, 0.042176, 0.954025
0.948844, 0.094118, 0.044321, 0.954530
0.948569, 0.103252, 0.044499, 0.955209
0.949180, 0.108149, 0.042324, 0.956259
0.949921, 0.112268, 0.039784, 0.957359
0.952972, 0.113413, 0.036333, 0.960385
0.952950, 0.118330, 0.032548, 0.960820
0.953024, 0.124836, 0.026615, 0.961534
0.950706, 0.133436, 0.024101, 0.960327
0.945664, 0.136810, 0.026023, 0.955863
0.939221, 0.132640, 0.029600, 0.949002
0.936289, 0.127279, 0.030093, 0.945379
0.938423, 0.120562, 0.026644, 0.946511
0.941964, 0.115659, 0.024419, 0.949353
0.944958, 0.111534, 0.019402, 0.951716
0.955761, 0.108108, 0.009150, 0.961900
0.975400, 0.099909, 0.001000, 0.980504
0.992202, 0.115475, -0.002729, 0.998903
0.998057, 0.104069, -0.006861, 1.003491
0.997788, 0.094002, -0.012328, 1.002282
0.996782, 0.085707, -0.019482, 1.000650
0.993970, 0.055214, -0.028542, 0.995911
0.988006, 0.051678, -0.034161, 0.989946
0.982165, 0.048024, -0.040673, 0.984179
0.975767, 0.047392, -0.046530, 0.978025
0.975167, 0.044170, -0.050337, 0.977463
0.973386, 0.044495, -0.053177, 0.975852
0.969781, 0.046683, -0.058455, 0.972662
0.964726, 0.050736, -0.062715, 0.968092
0.955409, 0.051348, -0.067520, 0.959167
0.952564, 0.052087, -0.074661, 0.956904
0.946571, 0.057018, -0.078263, 0.951511
0.936888, 0.060788, -0.083836, 0.942594
0.930470, 0.065506, -0.090307, 0.937134
0.926797, 0.071076, -0.092625, 0.934122
0.920727, 0.074853, -0.095293, 0.928667
0.913265, 0.078723, -0.098665, 0.921946
0.917622, 0.091872, -0.108702, 0.928594
0.923258, 0.104550, -0.114810, 0.936225
0.925369, 0.118890, -0.126529, 0.941516
0.919061, 0.126193, -0.137846, 0.937870
0.917968, 0.127073, -0.152013, 0.939107
0.944371, 0.120851, -0.134496, 0.961525
0.980518, 0.103691, -0.130613, 0.994599
1.016843, 0.086932, -0.109609, 1.026421
0.998461, 0.082003, -0.113777, 1.008263
0.927733, 0.081267, -0.113342, 0.938158
0.914604, 0.098425, -0.115966, 0.927165
0.944875, 0.101628, -0.088751, 0.954460
0.970381, 0.110101, -0.063012, 0.978637
0.970322, 0.104260, -0.039378, 0.976702
0.963686, 0.101473, -0.023184, 0.969291
0.960008, 0.099155, -0.012025, 0.965190
0.956891, 0.095555, -0.009675, 0.961699
0.952085, 0.095634, -0.004060, 0.956884
0.949289, 0.100066, 0.003228, 0.954554
0.949064, 0.109549, 0.010851, 0.955427
0.950962, 0.124143, 0.019459, 0.959228
0.950760, 0.131392, 0.022335, 0.960055
0.945998, 0.135350, 0.025310, 0.955967
0.941906, 0.139290, 0.028278, 0.952570
0.938227, 0.144160, 0.028418, 0.949663
0.931960, 0.149487, 0.025819, 0.944226
0.924798, 0.159396, 0.021731, 0.938686
0.920838, 0.171151, 0.016401, 0.936752
0.914700, 0.181059, 0.005575, 0.932464
0.907367, 0.195846, -0.000463, 0.928262
0.899342, 0.206016, -0.002975, 0.922641
0.877526, 0.199996, -0.011654, 0.900103
0.887199, 0.193349, 0.013131, 0.908119
0.872045, 0.184244, 0.006819, 0.891322
0.865477, 0.181175, 0.013983, 0.884348
0.856899, 0.179931, 0.011671, 0.875664
0.861303, 0.187912, 0.023601, 0.881879
0.868126, 0.218502, 0.040361, 0.896111
0.855369, 0.215964, 0.053780, 0.883849
0.854870, 0.211501, 0.049308, 0.882024
0.864821, 0.220000, 0.045384, 0.893519
0.930925, 0.179490, -0.003481, 0.948078
1.019189, 0.165430, 0.007251, 1.032553
1.027574, 0.187952, 0.017583, 1.044770
1.017367, 0.196453, 0.007903, 1.036191
0.998169, 0.190921, -0.000899, 1.016265
0.982240, 0.165568, -0.019225, 0.996282
0.965339, 0.172341, -0.038624, 0.981363
0.957583, 0.177864, -0.046438, 0.975068
0.939539, 0.198470, -0.040525, 0.961128
0.898981, 0.222404, -0.044354, 0.927145
0.875865, 0.214355, -0.051396, 0.903177
0.851451, 0.194319, -0.054810, 0.875062
0.889036, 0.174690, -0.068972, 0.908658
0.937149, 0.172488, -0.087642, 0.956913
0.918300, 0.156668, -0.037887, 0.932339
0.879690, 0.135143, -0.039549, 0.890889
0.857277, 0.151426, -0.043573, 0.871637
0.833685, 0.158960, -0.053709, 0.850402
0.804741, 0.157394, -0.055334, 0.821853
0.787012, 0.149256, -0.051153, 0.802672
0.759237, 0.151605, -0.057900, 0.776387
0.761930, 0.146135, -0.080993, 0.780034
0.788301, 0.125860, -0.126763, 0.808288
0.901805, 0.113030, -0.090191, 0.913325
0.962181, 0.099122, -0.028408, 0.967690
0.943674, 0.095430, -0.026451, 0.948856
0.954702, 0.084242, -0.142994, 0.969020
1.051448, 0.225273, -0.070348, 1.077609
0.993991, 0.213996, -0.118552, 1.023654
0.949190, 0.207551, -0.133008, 0.980679
0.965769, 0.198059, -0.092888, 0.990235
1.005010, 0.186679, -0.062160, 1.024089
1.012342, 0.177108, -0.048925, 1.028881
1.005291, 0.194757, -0.052588, 1.025332
0.998282, 0.196127, -0.019205, 1.017547
1.020700, 0.201529, -0.007766, 1.040434
1.004124, 0.198330, -0.002829, 1.023527
0.976146, 0.188155, 0.022527, 0.994369
0.949172, 0.178720, 0.014101, 0.965954
0.930543, 0.180662, 0.010998, 0.947983
0.906635, 0.178522, 0.002273, 0.924047
0.861375, 0.183327, -0.010145, 0.880726
0.811895, 0.186606, -0.026859, 0.833496
0.814247, 0.201972, -0.052202, 0.840545
0.848613, 0.218255, -0.076938, 0.879601
0.873793, 0.200670, -0.127300, 0.905532
0.978687, 0.196894, -0.142918, 1.008475
1.043726, 0.216911, -0.133127, 1.074308
1.077979, 0.253017, -0.131522, 1.115058
1.090081, 0.268615, -0.152746, 1.133032
1.078446, 0.240177, -0.167845, 1.117543
1.059586, 0.207589, -0.179769, 1.094592
1.016957, 0.176481, -0.199540, 1.051268
0.991599, 0.172677, -0.183269, 1.023070
0.971752, 0.175701, -0.169415, 1.001935
0.939972, 0.181738, -0.162599, 0.971089
0.906240, 0.150580, -0.152578, 0.931250
0.877527, 0.130616, -0.145414, 0.899033
0.846172, 0.121951, -0.147144, 0.867485
0.826943, 0.156529, -0.161639, 0.857008
0.814803, 0.176725, -0.184014, 0.853813
0.806461, 0.230147, -0.150530, 0.852060
0.808692, 0.210797, -0.159236, 0.850750
0.816710, 0.184579, -0.165606, 0.853528
0.811135, 0.178727, -0.156060, 0.845126
0.800396, 0.162564, -0.146892, 0.829842
0.779956, 0.160066, -0.154700, 0.811101
0.753273, 0.150142, -0.170866, 0.786866
0.728228, 0.137521, -0.184723, 0.763774
0.743108, 0.121526, -0.210319, 0.781800
0.861162, 0.117663, -0.178564, 0.887316
0.937176, 0.086606, -0.133274, 0.950559
0.947904, 0.091094, -0.102370, 0.957758
0.994574, 0.107831, -0.164472, 1.013832
1.087305, 0.176248, -0.129454, 1.109078
1.005341, 0.162420, -0.164702, 1.031609
0.977908, 0.150458, -0.173926, 1.004585
0.997988, 0.149843, -0.135718, 1.018259
1.028736, 0.147868, -0.113811, 1.045522
1.025473, 0.172253, -0.104422, 1.045070
1.006890, 0.187263, -0.099092, 1.028939
1.002297, 0.190241, -0.093228, 1.024442
0.965724, 0.175572, -0.089317, 0.985609
0.923674, 0.175556, -0.037837, 0.940970
0.909617, 0.174214, -0.024035, 0.926462
0.895449, 0.171965, -0.016001, 0.911952
0.870113, 0.178947, -0.020158, 0.888552
0.826623, 0.185416, -0.028178, 0.847631
0.800298, 0.176257, -0.029163, 0.819996
0.827004, 0.192096, -0.047172, 0.850330
0.915618, 0.197999, -0.061324, 0.938787
1.008285, 0.178473, -0.134662, 1.032776
1.099636, 0.182241, -0.141950, 1.123638
1.099348, 0.234065, -0.127587, 1.131208
1.126568, 0.273373, -0.135004, 1.167097
1.090267, 0.259622, -0.154807, 1.131394
1.062297, 0.213132, -0.157342, 1.094832
1.023403, 0.180234, -0.154077, 1.050513
1.005697, 0.165151, -0.153767, 1.030701
0.985575, 0.161919, -0.139965, 1.008547
0.933511, 0.161951, -0.129499, 0.956264
0.885831, 0.143590, -0.125535, 0.906131
0.850586, 0.109922, -0.130629, 0.867550
0.819176, 0.108745, -0.139490, 0.838053
0.801043, 0.124273, -0.148919, 0.824191
0.764222, 0.121082, -0.169948, 0.792198
0.746089, 0.111008, -0.173683, 0.774040
0.744667, 0.122138, -0.182684, 0.776415
0.746633, 0.112621, -0.154879, 0.770799
0.727027, 0.133352, -0.147289, 0.753687
0.728192, 0.146308, -0.140269, 0.755874
0.804906, 0.141276, -0.139307, 0.828999
0.901471, 0.102628, -0.091938, 0.911940
0.957587, 0.050810, -0.057316, 0.960645
1.038490, 0.071130, -0.058092, 1.042543
1.126799, 0.183149, 0.026435, 1.141893
1.073491, 0.202085, -0.017700, 1.092490
1.035760, 0.187551, -0.045425, 1.053583
1.014137, 0.175618, -0.007704, 1.029260
1.029901, 0.172469, 0.018921, 1.044414
1.094172, 0.194945, 0.032845, 1.111888
1.063041, 0.202173, 0.053539, 1.083419
1.037717, 0.226587, 0.049383, 1.063314
0.999677, 0.236505, 0.041658, 1.028116
0.978825, 0.248173, 0.057086, 1.011409
0.964463, 0.246249, 0.061329, 0.997290
0.940096, 0.246509, 0.054346, 0.973397
0.903203, 0.251577, 0.048456, 0.938837
0.869071, 0.244192, 0.036543, 0.903465
0.869959, 0.238972, 0.022132, 0.902456
0.904726, 0.248875, 0.010049, 0.938387
0.942862, 0.208965, -0.028156, 0.966151
1.040229, 0.192790, -0.063778, 1.059864
1.102028, 0.201751, -0.038510, 1.121005
1.124780, 0.216824, -0.035440, 1.146036
1.141139, 0.235497, -0.036472, 1.165756
1.128274, 0.230205, -0.045962, 1.152436
1.098194, 0.213408, -0.053718, 1.120026
1.064464, 0.187970, -0.059136, 1.082550
1.042718, 0.180070, -0.058269, 1.059756
1.009517, 0.177705, -0.051846, 1.026349
0.967637, 0.174726, -0.049476, 0.984530
0.916903, 0.178492, -0.053765, 0.935660
0.873280, 0.154011, -0.072117, 0.889685
0.844261, 0.122421, -0.105258, 0.859559
0.863009, 0.140554, -0.115410, 0.881964
0.842944, 0.129846, -0.134073, 0.863359
0.820128, 0.161544, -0.143755, 0.848158
0.804475, 0.173746, -0.154408, 0.837383
0.770266, 0.183582, -0.144823, 0.804976
0.732918, 0.190437, -0.139024, 0.769911
0.790741, 0.170820, -0.137992, 0.820666
0.903999, 0.133272, -0.046879, 0.914971
0.954231, 0.063297, -0.013876, 0.956428
0.995874, 0.014018, -0.000249, 0.995972
1.088474, 0.147996, 0.082441, 1.101579
1.016316, 0.141563, 0.041519, 1.026967
0.946939, 0.151891, 0.000438, 0.959044
0.979393, 0.158430, 0.042198, 0.993021
1.015735, 0.143363, 0.080921, 1.028989
1.052712, 0.163368, 0.106600, 1.070633
1.040164, 0.189983, 0.101382, 1.062221
1.012087, 0.205767, 0.072076, 1.035304
0.994089, 0.213990, 0.066929, 1.019060
0.967789, 0.203186, 0.069987, 0.991361
0.979632, 0.192996, 0.024773, 0.998769
0.951830, 0.196533, 0.045988, 0.972996
0.929690, 0.190046, 0.041036, 0.949803
0.911402, 0.194923, 0.034638, 0.932656
0.871578, 0.194949, 0.021489, 0.893372
0.835668, 0.196204, 0.019978, 0.858625
0.854328, 0.210983, 0.008889, 0.880039
0.898494, 0.199344, -0.009741, 0.920393
0.956913, 0.133900, -0.101504, 0.971553
1.053437, 0.164431, -0.069130, 1.068432
1.110567, 0.198523, -0.053830, 1.129454
1.135131, 0.263021, -0.049898, 1.166273
1.101021, 0.247374, -0.060565, 1.130093
1.062044, 0.213587, -0.067142, 1.085387
1.027661, 0.176662, -0.074809, 1.045415
1.012579, 0.162792, -0.071196, 1.028050
1.009225, 0.162262, -0.065028, 1.024253
0.955638, 0.168325, -0.058411, 0.972106
0.880922, 0.161361, -0.068027, 0.898158
0.824034, 0.156425, -0.070350, 0.841695
0.776596, 0.128195, -0.088687, 0.792087
0.709318, 0.130011, -0.132515, 0.733209
0.692706, 0.176858, -0.137489, 0.728028
0.715934, 0.185718, -0.141282, 0.753003
0.726423, 0.186765, -0.143136, 0.763583
0.721638, 0.174058, -0.125443, 0.752857
0.689759, 0.189929, -0.119066, 0.725271
0.675785, 0.178609, -0.145826, 0.714039
0.797470, 0.162173, -0.127570, 0.823731
0.910050, 0.126255, -0.038479, 0.919572
0.914540, 0.218220, 0.038624, 0.941008
1.015331, 0.228507, 0.060779, 1.042500
1.045288, 0.273492, 0.042664, 1.081316
1.003336, 0.263995, 0.006623, 1.037507
0.987173, 0.266259, 0.011862, 1.022519
1.042483, 0.245831, 0.055585, 1.072517
1.056537, 0.246228, 0.067179, 1.086928
1.035399, 0.259950, 0.070211, 1.069839
1.040434, 0.263665, 0.082375, 1.076479
1.025783, 0.253451, 0.086115, 1.060134
0.993715, 0.233080, 0.079944, 1.023810
0.965926, 0.214856, 0.079064, 0.992687
0.935783, 0.206903, 0.073214, 0.961176
0.896653, 0.202784, 0.062213, 0.921400
0.840471, 0.206663, 0.055724, 0.867298
0.799965, 0.232047, 0.032475, 0.833574
0.833670, 0.246723, 0.023242, 0.869723
0.863695, 0.233381, 0.025542, 0.895035
0.915314, 0.209628, -0.071720, 0.941747
1.016027, 0.216704, -0.047404, 1.039961
1.084175, 0.227238, -0.031860, 1.108192
1.120748, 0.270171, -0.040258, 1.153555
1.119860, 0.266316, -0.075148, 1.153542
1.097689, 0.253940, -0.073252, 1.129058
1.060670, 0.222525, -0.081470, 1.086819
1.042741, 0.194842, -0.086137, 1.064280
1.028812, 0.186440, -0.076421, 1.048358
0.989569, 0.180305, -0.080235, 1.009056
0.931187, 0.172040, -0.086485, 0.950887
0.881069, 0.163659, -0.093468, 0.901002
0.852506, 0.159629, -0.104126, 0.873550
0.821189, 0.191456, -0.114586, 0.850962
0.767931, 0.187376, -0.116794, 0.799042
0.769462, 0.201337, -0.117611, 0.804015
0.779522, 0.199959, -0.100738, 0.811040
0.791336, 0.197013, -0.095292, 0.821040
0.760931, 0.209435, -0.093703, 0.794770
0.731202, 0.216530, -0.094511, 0.768423
0.707044, 0.207840, -0.116057, 0.746041
0.740755, 0.175001, -0.135725, 0.773152
0.859046, 0.129070, -0.067703, 0.871323
0.910942, 0.086438, -0.036689, 0.915769
0.877271, 0.109900, -0.114356, 0.891493
0.981815, 0.250337, 0.011346, 1.013291
0.903986, 0.238337, -0.043722, 0.935899
0.832753, 0.197308, -0.088576, 0.860380
0.862870, 0.198610, -0.032014, 0.886011
0.968864, 0.222720, 0.015350, 0.994252
1.018194, 0.233501, 0.037902, 1.045312
1.020572, 0.249263, 0.038629, 1.051281
1.000097, 0.239267, 0.054946, 1.029788
0.969376, 0.230088, 0.049093, 0.997517
0.939553, 0.208468, 0.056476, 0.964058
0.907390, 0.207983, 0.052997, 0.932428
0.880947, 0.206125, 0.055026, 0.906412
0.856689, 0.217724, 0.047413, 0.885194
0.834207, 0.249672, 0.032589, 0.871378
0.792519, 0.252716, 0.018771, 0.832048
0.779075, 0.259339, 0.011599, 0.821187
0.810780, 0.246717, -0.034934, 0.848207
0.903223, 0.176977, -0.105384, 0.926411
1.005154, 0.188194, -0.088963, 1.026482
1.059416, 0.225959, -0.031973, 1.083717
1.139893, 0.252149, -0.044543, 1.168298
1.155302, 0.231246, -0.070245, 1.180310
1.134141, 0.198419, -0.067578, 1.153349
1.107574, 0.161410, -0.075298, 1.121803
1.111161, 0.139408, -0.079905, 1.122719
1.114101, 0.128436, -0.071888, 1.123782
1.084208, 0.127953, -0.084718, 1.095014
1.033853, 0.124296, -0.081859, 1.044510
0.988091, 0.097879, -0.079676, 0.996119
0.944933, 0.078483, -0.086664, 0.952139
0.914232, 0.056679, -0.092851, 0.920682
0.886337, 0.039252, -0.096177, 0.892403
0.861537, 0.041115, -0.096736, 0.867925
0.831791, 0.048288, -0.088872, 0.837918
0.810289, 0.063364, -0.071974, 0.815943
0.853259, 0.066401, -0.054150, 0.857551
0.960221, 0.037093, -0.044835, 0.961983
1.019486, 0.026662, -0.037722, 1.020532
1.025647, 0.020503, -0.023250, 1.026115
1.032141, 0.004349, -0.023175, 1.032410
1.017753, -0.015108, -0.028167, 1.018255
0.987734, -0.008719, -0.015242, 0.987890
0.960643, 0.005937, -0.007606, 0.960691
0.946584, 0.026984, -0.015236, 0.947091
0.935564, 0.041362, -0.014217, 0.936586
0.934527, 0.046046, -0.000653, 0.935661
0.957830, 0.038504, 0.008432, 0.958641
0.976688, 0.027741, 0.012321, 0.977160
0.981720, 0.019672, 0.021072, 0.982143
0.979374, 0.011090, 0.027677, 0.979828
0.982036, 0.008395, 0.036341, 0.982744
0.983476, 0.010427, 0.013195, 0.983620
0.981049, 0.017752, 0.012130, 0.981285
0.975050, 0.024434, 0.012436, 0.975436
0.971373, 0.032149, 0.012711, 0.971988
0.969402, 0.038329, 0.011694, 0.970230
0.971732, 0.045783, 0.010585, 0.972867
0.970202, 0.046988, 0.012507, 0.971419
0.968635, 0.046839, 0.013261, 0.969857
0.967416, 0.046232, 0.013356, 0.968612
0.966989, 0.045875, 0.013442, 0.968169
0.965077, 0.044323, 0.012935, 0.966181
0.964408, 0.042736, 0.013160, 0.965444
0.965714, 0.042163, 0.013752, 0.966732
0.966126, 0.042311, 0.014868, 0.967166
0.966687, 0.041212, 0.014899, 0.967680
0.963661, 0.041929, 0.014634, 0.964684
0.963039, 0.041058, 0.014883, 0.964028
0.962670, 0.040843, 0.014912, 0.963652
0.961480, 0.039323, 0.015814, 0.962414
0.960600, 0.038999, 0.016527, 0.961534
0.960096, 0.060793, 0.015904, 0.962150
0.961073, 0.058685, 0.014761, 0.962976
0.961284, 0.057264, 0.014413, 0.963096
0.960424, 0.056839, 0.013030, 0.962193
0.958983, 0.055130, 0.011884, 0.960640
0.958736, 0.053309, 0.011436, 0.960286
0.958897, 0.052050, 0.010353, 0.960364
0.959518, 0.050823, 0.008406, 0.960899
0.959026, 0.049909, 0.007628, 0.960355
0.958108, 0.048898, 0.006150, 0.959374
0.957281, 0.047325, 0.003654, 0.958458
0.956348, 0.046385, 0.002381, 0.957475
0.956748, 0.045633, 0.001626, 0.957837
0.956822, 0.045053, 0.000364, 0.957882
0.956412, 0.044057, -0.000480, 0.957426
0.956138, 0.042497, -0.001044, 0.957082
0.955892, 0.041948, -0.002135, 0.956814
0.958724, 0.042971, -0.002144, 0.959689
0.959648, 0.044459, -0.003805, 0.960685
0.959049, 0.044660, -0.005980, 0.960107
0.958891, 0.044746, -0.008715, 0.959974
0.958368, 0.044824, -0.010590, 0.959474
0.957229, 0.045651, -0.011887, 0.958391
0.956873, 0.045922, -0.013832, 0.9