-0.000096
0.000646
0.000112
0.000296
-0.000603
0.000033
-0.000082
0.000434
0.000391
-0.000175
-0.000229
-0.000106
0.000098
-0.000232
-0.000025
0.000407
0.000188
0.000093
-0.000516
0.000184
0.000156
-0.000252
-0.000348
0.000031
0.000191
0.000057
0.000211
-0.000438
0.000018
-0.000035
0.000078
-0.000147
-0.000009
-0.000298
-0.000507
0.000062
0.000411
0.000524
0.000541
-0.000230
-0.000553
-0.000540
-0.000245
0.000055
0.000099
-0.000375
-0.000247
0.000143
0.000172
0.000126
0.000128
-0.000048
0.000215
-0.000317
-0.000021
-0.000606
0.000183
0.000090
-0.000362
-0.000001
-0.000172
0.000260
0.000076
-0.000008
-0.000049
-0.000171
0.000221
-0.000234
-0.000131
0.000128
0.000107
0.000217
-0.000520
-0.000202
0.000504
0.000085
0.000395
0.000326
0.000151
0.000035
-0.000064
-0.000182
0.000345
-0.000169
-0.000239
0.000111
-0.000022
0.000206
0.000006
-0.000059
-0.000122
-0.000214
-0.000047
0.000170
0.000146
-0.000068
-0.000195
0.000538
-0.000141
0.000051
0.000136
-0.000402
-0.000052
-0.000053
0.000025
-0.000182
-0.000348
-0.000095
0.000225
-0.000153
0.000065
0.000433
-0.000103
-0.000122
-0.000046
0.000130
-0.000074
-0.000218
-0.000603
0.000426
0.000113
-0.000313
-0.000200
-0.000011
-0.000119
-0.000084
0.000204
0.000045
0.000114
-0.000191
-0.000192
0.000457
-0.000111
0.000282
0.000388
-0.000297
0.000185
-0.000178
-0.000037
0.000138
0.000325
0.000032
-0.000020
-0.000190
0.000299
-0.000034
-0.000322
-0.000024
0.000159
0.000031
0.000346
0.000215
-0.000023
-0.000356
-0.000126
0.000211
0.000334
-0.000128
-0.000062
-0.000096
0.000044
-0.000250
-0.000116
0.000227
0.000122
0.000471
-0.000817
-0.000341
0.000196
0.000284
0.000234
0.000158
0.000640
-0.000623
-0.003012
0.002126
0.008043
-0.000949
-0.004458
0.000016
0.006484
-0.000901
-0.000142
0.000422
-0.001337
-0.001540
-0.000773
-0.001597
-0.002513
0.000499
-0.002819
-0.001155
-0.001848
-0.001525
-0.000951
0.000110
0.001761
0.006169
0.003750
0.006848
0.001340
0.000203
-0.001667
-0.001725
-0.010598
-0.007218
-0.006512
-0.008294
-0.009212
-0.008064
0.016463
0.023840
0.022564
0.005566
-0.002565
0.006462
0.009747
0.050972
-0.009395
-0.024768
-0.013809
-0.011706
-0.002594
0.001010
-0.001128
-0.001903
-0.002896
-0.002018
-0.003782
-0.001911
-0.000949
-0.001411
-0.004206
-0.003840
-0.003127
0.006737
0.009213
0.014656
0.024214
0.022907
-0.000350
-0.004261
-0.007408
-0.002962
-0.000056
-0.004573
-0.008912
-0.010947
-0.007732
-0.007562
-0.010535
-0.011939
-0.013629
-0.009064
-0.006724
0.002169
-0.004451
-0.005250
-0.006531
0.020731
0.067027
0.009415
-0.012494
-0.015816
-0.008837
0.000407
-0.002155
-0.002322
-0.004574
0.011776
-0.002267
-0.003083
0.003335
0.014238
0.025935
0.028421
0.014496
0.002566
0.007478
-0.029286
-0.024619
-0.012438
-0.007972
-0.010088
-0.017818
-0.012603
-0.000965
-0.023670
-0.007362
-0.003485
0.000833
0.006383
0.007543
0.014971
0.017812
-0.040457
-0.050193
-0.011031
0.036644
0.009518
-0.011765
-0.006685
-0.001143
0.002939
0.009749
0.006127
-0.011104
0.004349
0.003249
0.002305
0.008388
0.006425
0.001497
0.001975
0.005213
0.003426
0.014424
0.016040
-0.023254
-0.021655
-0.008599
-0.001005
0.017770
0.020628
0.018857
-0.012464
-0.008463
-0.010721
-0.009062
-0.004211
-0.004522
-0.010684
-0.008303
0.017598
0.017416
0.015560
0.002460
0.008886
0.043098
0.064934
-0.004785
-0.008849
-0.012370
-0.011032
-0.005075
-0.005949
-0.001127
-0.001299
-0.001670
-0.000880
0.001258
0.013214
0.015469
0.016204
0.013701
0.012557
0.011487
0.002170
-0.026800
-0.004753
-0.007720
-0.028334
-0.004069
-0.008828
-0.012195
-0.009799
-0.010920
-0.006090
-0.006365
-0.002218
0.001251
0.002722
0.011230
0.094089
0.034698
-0.012699
-0.050582
-0.047106
0.005754
0.035281
-0.008530
-0.008082
-0.004290
-0.003698
-0.003245
-0.004973
-0.000422
-0.002093
-0.002027
0.000068
-0.002695
-0.001361
0.001113
0.004855
0.016509
0.013885
0.017253
0.017475
-0.009000
-0.009485
-0.015286
-0.012118
-0.010094
-0.008791
-0.010554
-0.010962
-0.006177
-0.009760
0.006085
0.013184
0.006965
0.026637
0.026866
0.035708
0.026353
-0.024245
-0.020887
-0.017185
-0.008174
-0.005573
-0.004164
-0.008032
-0.001221
-0.001894
-0.001584
-0.002124
-0.002447
-0.001560
0.000780
-0.001614
0.003711
0.008514
0.005615
0.008715
0.008506
0.019138
0.007315
0.007298
0.000784
-0.005730
-0.011535
-0.018274
-0.018525
-0.009657
-0.014603
-0.017731
-0.015192
-0.009059
-0.006037
-0.000919
0.007447
0.006870
0.033945
0.047330
0.010429
-0.039415
-0.059277
-0.030973
0.007935
0.000288
-0.000850
0.002057
-0.000449
0.001402
0.005444
0.003835
0.002948
0.003913
0.004634
0.004007
0.003256
0.001519
0.000859
0.012424
0.021760
0.028118
-0.003989
0.011399
-0.002642
-0.008339
-0.018062
-0.017152
-0.003952
-0.011562
-0.013611
-0.015058
-0.015168
-0.005225
-0.000937
0.009611
0.007496
0.066822
0.023059
-0.036745
-0.042406
-0.032953
-0.029582
-0.000843
0.045418
0.003419
0.000730
0.000803
0.001178
0.000090
-0.001544
0.002955
0.002540
0.003807
0.001808
0.002555
0.000341
0.003516
0.010761
0.011179
-0.018453
-0.012767
0.005165
0.006126
0.005682
0.015886
0.010238
-0.015398
-0.014441
-0.007515
-0.005110
-0.003353
-0.003623
-0.006874
0.023161
0.000068
-0.008623
0.001515
0.024531
0.049663
0.060356
-0.002367
-0.017644
-0.005680
-0.020008
-0.012327
-0.003989
-0.004446
-0.006700
-0.006089
-0.003286
-0.001865
0.019612
0.029536
0.023508
0.010781
0.005112
-0.020800
-0.023243
-0.010928
-0.014200
-0.019415
-0.014159
-0.015661
-0.013145
-0.010515
-0.010674
-0.003661
0.004735
0.010657
0.002729
0.005454
0.013878
0.018994
-0.058577
-0.020229
0.004576
0.024218
0.014366
-0.010312
-0.011521
-0.008022
0.002014
0.005930
0.009177
0.004527
0.003925
0.001112
0.002084
0.005711
-0.003522
0.001129
0.014511
0.017427
0.020489
0.032346
0.006714
0.009421
0.005652
-0.001490
-0.006055
-0.013848
-0.016348
-0.012569
-0.015372
-0.013806
-0.014883
-0.017361
-0.018615
-0.013652
-0.001047
0.041594
0.055519
0.044954
0.010329
-0.035338
-0.031039
-0.045215
0.000574
-0.002393
0.011364
0.002560
0.004886
0.005408
0.005724
0.003175
0.003381
0.004026
0.006388
0.018500
0.015756
0.022179
-0.024812
-0.007688
0.015635
0.002834
0.007489
0.009831
-0.010574
-0.021178
-0.012379
-0.012017
-0.012187
-0.008888
-0.005465
-0.005319
0.031438
0.068741
0.044328
0.057866
-0.027272
-0.084119
-0.063890
-0.008353
0.003757
0.000226
-0.000024
-0.003648
0.004538
-0.005529
0.000995
0.003889
0.002367
-0.002120
-0.001369
-0.000952
0.006224
0.035514
0.031369
0.022825
-0.006634
-0.017910
-0.027225
-0.003558
-0.018589
-0.018792
-0.016511
-0.014139
-0.006322
-0.008223
-0.006229
-0.000204
-0.002633
0.024732
0.007667
0.004501
-0.014377
0.015224
0.036458
0.017043
-0.026849
-0.014893
0.000272
0.000106
0.002728
0.003696
0.004415
0.006353
0.005734
0.002441
0.000419
0.013812
0.015603
0.020838
0.034790
0.035942
0.022095
-0.000093
-0.012407
-0.013473
-0.018864
-0.014619
-0.032703
-0.023516
-0.015388
-0.004126
-0.004573
-0.000390
0.001916
-0.002252
0.019245
0.035540
0.009958
-0.047755
0.005936
0.004810
0.004386
-0.025976
-0.021143
-0.003703
0.001495
0.004292
0.002605
0.003563
0.003003
0.001459
-0.000241
0.003161
0.004149
0.019745
0.021529
0.019889
0.024293
0.029605
0.012121
-0.016060
-0.014701
-0.016785
-0.016935
-0.013462
-0.016285
-0.018079
-0.000896
-0.015338
0.002556
0.023377
-0.038579
-0.041813
-0.031990
0.010631
0.015399
0.039759
0.001140
-0.000213
-0.000440
0.003448
0.002961
0.004087
0.006200
0.004344
0.003301
0.001076
0.003737
0.003346
0.007453
0.008645
0.009661
0.024441
-0.009935
-0.003897
-0.000164
0.010828
0.000443
-0.006769
-0.010132
-0.012720
-0.014008
-0.008874
-0.005909
-0.004440
-0.006659
-0.007848
0.004676
0.024626
0.057052
0.089440
0.023132
-0.052054
-0.082084
-0.008155
-0.000627
0.016846
0.007726
0.005936
-0.012692
-0.010340
0.001681
-0.002753
-0.002540
-0.000028
0.001487
-0.000152
0.002230
-0.011859
-0.013188
-0.007704
-0.003423
0.001339
0.012823
0.005317
0.000167
-0.016807
-0.004848
-0.006656
0.021680
0.001988
-0.002392
0.005256
0.034277
0.105307
0.085941
-0.043146
-0.045480
-0.017522
-0.010898
-0.017235
-0.004234
-0.010430
-0.006007
-0.005489
-0.007842
-0.005505
-0.005119
-0.001418
-0.003392
-0.004799
-0.003957
0.018383
0.018394
0.025820
0.018064
0.017040
0.005557
-0.017197
-0.025365
-0.053053
0.010075
-0.018892
-0.020136
-0.013372
-0.007550
-0.010637
-0.010224
-0.001138
0.001580
0.003701
0.011517
0.019926
0.027087
-0.056823
-0.036048
-0.011801
0.022665
0.038246
-0.005461
-0.010298
0.004957
0.003765
0.001530
0.000520
0.001607
0.003445
0.004610
0.002557
-0.000965
0.003927
0.011694
0.009911
0.017680
0.033710
-0.010080
-0.012961
-0.016306
-0.016617
-0.014990
-0.014311
-0.011858
-0.008960
-0.010381
-0.006282
0.001506
0.000245
0.005337
0.009844
0.150138
-0.091775
-0.093107
-0.079609
-0.017313
0.033970
0.046791
0.004603
0.009507
0.007130
0.006731
0.004963
0.005390
0.006345
0.005368
0.007595
0.003012
0.001668
0.009077
0.012234
0.019282
0.028761
-0.011920
-0.009167
0.006061
0.005865
-0.000008
-0.012239
-0.008823
-0.001038
-0.001474
-0.003047
-0.012337
-0.014246
-0.010699
-0.006865
-0.008173
0.019131
0.018864
0.028487
0.013526
0.030021
0.102555
-0.004185
-0.040454
-0.022861
-0.016846
-0.010629
-0.002736
-0.006082
-0.006134
-0.012669
-0.007938
-0.006625
-0.003756
0.023128
0.026268
0.034314
0.024737
-0.003628
-0.015895
-0.020706
-0.024068
-0.026279
-0.026140
-0.018006
-0.020557
-0.018218
-0.003631
-0.005139
-0.003032
-0.001279
0.008597
0.038289
0.028229
0.064408
0.099222
-0.005832
-0.021499
-0.030302
-0.030503
-0.020889
0.005626
-0.009012
-0.007518
-0.001210
-0.004861
-0.007151
-0.008948
-0.006198
-0.005390
-0.004284
0.011011
0.015772
0.025256
0.035037
0.030006
-0.017346
-0.001561
-0.020278
-0.016770
-0.017043
-0.023280
-0.015443
-0.016813
-0.015650
-0.013282
-0.016794
-0.012663
-0.002315
-0.001269
0.003308
0.008346
0.013126
-0.043780
-0.056744
-0.046773
0.010902
0.024087
0.036880
0.012841
0.010121
0.007667
0.006973
0.005588
0.002381
-0.001500
0.005973
0.019137
0.013831
0.029506
-0.020175
-0.014801
-0.008180
-0.008141
-0.008075
0.003788
-0.009266
0.001577
-0.000302
-0.006088
-0.008577
-0.006814
-0.003536
-0.004501
0.030644
0.057859
0.074200
0.080987
0.022423
-0.107110
-0.072045
0.009148
0.004319
-0.007763
-0.005519
-0.002199
-0.004658
-0.006672
-0.002464
-0.001534
0.002640
-0.000448
-0.001855
-0.002403
-0.002953
-0.001749
0.032676
0.018839
0.024444
-0.005022
-0.011170
-0.010092
0.010068
-0.020598
-0.016370
-0.013483
-0.013573
-0.013015
-0.011325
-0.008456
-0.004298
0.000539
0.002890
0.007904
0.015697
0.014333
0.012329
0.019906
-0.002453
-0.005827
0.022274
-0.002021
-0.005691
-0.006503
-0.002486
-0.003888
-0.002858
-0.003210
-0.001475
0.015399
0.024999
0.026026
0.024159
0.027282
0.025078
0.003833
-0.023218
-0.024864
-0.017232
-0.013438
-0.008393
-0.016949
-0.021006
-0.015479
-0.013185
-0.010633
-0.004003
-0.010720
-0.003295
0.000500
0.006477
0.004498
0.022474
-0.031136
-0.051330
-0.044590
-0.008339
0.043185
-0.005549
0.009383
0.008172
0.005676
0.008775
0.004973
0.004883
0.006780
-0.002178
-0.004044
0.004669
0.015311
0.002108
0.005865
0.002955
0.016201
0.007932
0.008647
0.013351
0.005134
-0.008679
-0.003151
0.001671
-0.016334
-0.013823
-0.000242
0.001869
-0.003368
-0.007258
0.001925
0.017536
0.055681
0.045647
0.048146
0.065388
-0.050630
-0.038435
-0.023687
-0.004398
-0.011578
-0.010917
-0.009363
-0.009224
-0.007575
-0.004729
-0.005663
-0.008613
-0.008893
-0.006462
-0.007931
0.048564
0.022522
0.006174
-0.024650
-0.006584
-0.020018
-0.012790
-0.014880
-0.014593
-0.012960
-0.005422
-0.003637
0.002021
0.005790
-0.005658
-0.005625
-0.005404
-0.000276
0.002797
0.002199
0.004833
-0.062704
-0.073411
-0.042092
0.026937
0.042260
0.047992
-0.005108
0.004943
0.002394
0.004208
0.010833
0.008818
0.004667
0.001716
0.003473
0.005315
0.005179
0.002469
0.005711
0.014114
0.016807
0.017535
-0.013285
-0.001163
-0.006206
0.000312
-0.001805
-0.005743
-0.008011
-0.007677
-0.003030
-0.001575
0.052001
0.091532
0.069731
0.009245
-0.087526
-0.100964
-0.071424
0.021749
0.007960
0.004606
0.003222
0.000105
-0.001412
-0.000114
0.000765
-0.005604
-0.005063
0.007413
-0.000372
0.014597
0.019001
0.017062
0.027725
0.017512
0.008288
-0.014247
-0.019725
-0.005139
-0.012015
-0.013567
-0.011943
-0.005848
-0.013488
-0.014630
-0.012483
-0.005675
-0.002627
0.003756
0.116753
0.002163
-0.067133
-0.075277
-0.023190
0.037433
0.018974
0.004072
0.000342
-0.000289
0.002297
0.004995
0.007227
0.006157
0.005130
-0.001230
-0.003014
-0.001425
0.007253
0.008664
0.002917
0.000164
0.012414
0.004918
0.006968
-0.011705
-0.007566
-0.007793
-0.009013
-0.013109
-0.013927
-0.015524
0.066998
0.027815
0.058701
0.095475
0.035956
-0.012849
-0.084248
-0.021854
-0.008249
-0.014370
-0.009666
-0.008897
-0.010233
-0.008984
-0.007933
-0.001934
-0.004301
-0.006996
-0.005717
-0.005306
-0.005985
-0.004498
0.001606
-0.013385
-0.012476
0.004532
-0.000207
0.001520
0.008973
-0.023091
-0.012941
-0.004862
-0.001796
-0.006560
-0.002798
-0.002105
-0.008810
0.024392
0.032186
0.013028
0.011237
0.073893
0.091061
-0.031218
-0.043209
-0.025932
0.001572
-0.011147
-0.011762
-0.004523
-0.007956
-0.005459
-0.005334
-0.003851
-0.005999
-0.004486
-0.004568
-0.003664
-0.002144
0.009382
0.014750
-0.003253
-0.006444
-0.017896
-0.030871
-0.016878
-0.009932
-0.019093
-0.016546
-0.007850
-0.011837
-0.013986
-0.011724
-0.006434
0.022518
0.004644
0.006179
0.101298
0.011980
-0.078824
-0.096016
-0.040633
0.012983
0.048996
0.038051
0.009110
0.000942
0.001294
-0.001511
0.000615
0.004101
0.003229
0.004394
0.001523
0.002130
0.001809
0.002904
-0.002214
0.004479
0.000184
0.002400
0.012240
-0.000771
-0.017612
-0.008820
0.000709
0.008593
0.013087
0.012151
-0.008713
-0.006486
-0.004315
-0.002063
-0.001073
0.001413
0.001834
-0.003590
-0.007317
-0.001761
0.002418
0.005275
0.005844
0.005739
0.010809
-0.033982
-0.027256
-0.017646
0.015127
0.003167
0.006476
0.005893
0.003859
0.002397
0.001855
0.002765
0.001715
0.001881
0.001995
-0.000532
-0.000351
-0.000575
0.003147
0.006880
0.014163
0.034465
0.038574
0.000107
-0.006258
-0.019793
-0.007606
-0.016828
-0.019153
-0.019219
-0.018861
-0.013908
-0.004510
-0.000562
-0.013719
-0.016407
-0.010879
-0.008066
-0.005679
-0.001779
0.005645
0.040829
0.080156
0.052159
0.009668
-0.027115
-0.051009
-0.047727
0.000952
0.004716
0.006069
0.003777
0.002177
-0.003186
-0.004344
0.002709
0.001239
-0.001172
0.001865
0.001489
0.001144
-0.001217
0.000017
0.064497
0.060782
0.008183
0.003200
-0.016619
-0.021471
0.010914
-0.026648
-0.023513
-0.024913
-0.013704
-0.008619
-0.002343
0.007008
0.019824
0.049207
0.035611
0.051454
-0.003275
0.006331
-0.001724
-0.021974
-0.026149
-0.010783
-0.006995
-0.005562
-0.003562
-0.003640
-0.000562
-0.004311
-0.004319
-0.001833
-0.002314
-0.001047
0.002748
0.000907
-0.001127
-0.001932
0.002657
0.011750
-0.011350
-0.007691
0.003564
0.002088
0.000195
0.000447
-0.001010
-0.021976
-0.012340
-0.007522
-0.007853
-0.009461
-0.013293
-0.012824
0.036492
0.028426
0.091082
0.128146
-0.031076
-0.052626
-0.133853
-0.071169
0.008147
0.007987
0.008743
-0.000959
0.008608
-0.007421
-0.000221
0.003293
0.003922
0.004844
0.002983
0.000894
0.002130
0.002286
0.031044
0.035692
-0.012911
-0.017438
-0.015995
-0.020385
-0.024898
-0.020126
-0.013508
-0.007493
0.006241
0.012500
0.038825
0.024632
0.005172
0.019129
0.041548
0.062642
0.014319
-0.023231
-0.037611
-0.023237
0.006941
-0.015244
-0.005451
-0.007486
-0.007382
-0.006836
-0.006583
-0.006400
-0.006628
-0.004960
-0.007097
0.010484
0.037037
0.035415
0.045088
0.022317
-0.003183
-0.013799
-0.042350
-0.022305
-0.027554
-0.019645
-0.022110
-0.016809
-0.004405
-0.006564
-0.012749
-0.011265
-0.008084
-0.002912
0.004587
0.015827
0.012146
-0.082176
-0.025497
0.040495
0.046997
0.015394
-0.022262
-0.028341
-0.000234
0.008336
0.006169
0.003173
-0.001455
0.000443
0.003199
0.002627
0.019391
0.023298
0.039474
-0.008676
0.003978
-0.009746
-0.011195
-0.016815
-0.014804
-0.011857
-0.016684
-0.001812
-0.007014
-0.009867
-0.005339
-0.008588
-0.003337
0.001028
-0.007319
0.116508
0.040619
-0.016923
-0.086662
-0.061394
-0.010210
0.014196
0.002194
0.003084
0.003977
0.000225
0.000580
0.005201
0.001421
0.005601
0.003309
0.002269
-0.000007
0.013916
0.018215
0.021729
0.022503
-0.022169
0.003122
-0.008614
-0.003899
-0.003974
-0.010286
-0.013963
0.000664
-0.002949
-0.011636
-0.010654
-0.006036
-0.004060
-0.003608
-0.002641
0.044774
0.089869
0.049819
0.020592
-0.022054
-0.064356
-0.035958
-0.020370
-0.000973
-0.002686
-0.000403
-0.002712
-0.001660
-0.002020
-0.001315
-0.000424
0.003480
0.000698
0.030624
0.033304
0.021210
-0.006296
-0.009096
0.000462
-0.043533
0.008130
-0.006804
-0.009086
-0.018400
-0.013241
-0.013450
-0.009327
-0.006790
0.004389
0.013929
0.012369
-0.004070
0.052396
0.122274
0.043111
-0.026863
-0.044842
-0.039521
-0.015992
0.009825
0.002758
-0.017961
-0.009173
-0.004539
-0.007948
-0.006865
-0.005556
-0.003244
-0.001832
-0.003634
-0.005776
0.006847
0.011870
0.011717
0.013750
0.013914
0.010610
-0.005706
-0.008234
-0.010361
-0.006069
-0.020763
-0.011624
-0.007544
-0.009603
-0.013109
-0.014634
-0.010980
-0.009081
-0.003622
-0.003622
-0.003972
0.109442
0.066174
0.080559
-0.017490
-0.017342
-0.010187
-0.012722
-0.012180
-0.013064
-0.011500
-0.006775
-0.006472
-0.005704
-0.006920
-0.006875
-0.004314
-0.003599
-0.001908
0.007027
0.010819
0.011511
0.038690
0.033750
-0.002528
-0.004573
-0.026361
-0.014560
-0.013860
-0.017337
-0.015693
-0.017863
-0.014547
-0.011133
-0.013314
-0.017771
-0.014901
-0.005563
-0.000889
0.001807
0.005273
0.023175
-0.007281
-0.030223
-0.005526
-0.016991
-0.011650
0.017338
0.009671
0.005717
0.004347
0.004016
0.004171
0.005605
0.006303
0.003045
0.001744
0.001617
0.002101
0.002569
-0.003225
-0.002742
-0.000832
0.048651
0.013011
0.001612
-0.014149
-0.007688
-0.022843
0.009945
-0.014968
-0.013605
0.000199
-0.002734
0.001745
0.002856
0.004791
0.006906
0.005392
0.003044
0.081926
-0.020671
0.067865
-0.020350
-0.033764
-0.032789
-0.012610
0.001347
-0.000008
-0.003418
-0.004923
-0.003527
-0.001089
0.000146
0.006642
0.016571
0.020996
0.040033
0.064772
0.022366
0.011167
0.004459
-0.041235
-0.033132
-0.036120
-0.024243
-0.014067
-0.021317
-0.020403
-0.001955
-0.002348
-0.001891
0.004251
0.008481
0.001770
-0.007355
-0.013427
-0.135790
0.024182
0.056222
-0.027510
0.098967
0.001425
-0.040105
-0.011022
0.014320
0.010992
0.005318
0.007049
-0.001204
-0.001884
0.001644
-0.001163
0.015564
0.015024
0.021067
0.035996
0.051829
0.042196
0.003281
-0.022108
-0.027929
-0.021849
-0.018367
-0.020605
-0.015647
-0.012559
-0.010457
-0.005830
-0.007639
-0.007085
0.087047
-0.049863
-0.088020
-0.065109
0.005246
0.045487
0.049717
0.009641
0.000100
0.000549
0.000405
0.001434
0.005853
0.005349
0.001781
-0.005307
0.003309
0.003885
0.004833
0.002563
0.001318
-0.000157
0.036609
0.033888
0.005103
-0.002380
-0.004036
-0.014434
-0.006527
-0.006210
-0.010331
-0.013929
-0.010018
-0.006443
-0.002801
0.001959
-0.009166
-0.006016
-0.005705
-0.000677
0.007227
0.007903
0.005623
0.001987
0.021133
-0.031126
-0.042315
-0.031335
0.016235
0.035295
0.000742
0.001951
0.002303
0.002176
0.005425
0.005804
0.001502
0.001067
0.005126
0.015172
0.012573
0.014369
0.045700
-0.003687
0.008873
0.002944
-0.013622
-0.014470
-0.009381
-0.006437
-0.003268
-0.007500
-0.013472
-0.011380
-0.010102
-0.012197
-0.011704
-0.012613
0.019187
0.027230
0.049381
0.049715
0.040735
-0.003315
-0.048964
-0.021783
-0.006419
-0.003931
-0.007518
-0.002670
-0.003948
-0.004628
-0.004251
0.000774
0.002416
-0.002775
-0.001671
-0.004452
-0.005793
0.037596
0.050427
0.039965
0.001372
-0.008613
-0.026292
-0.032337
-0.024110
-0.016476
-0.015672
-0.013763
-0.014611
-0.013259
-0.009591
0.000302
-0.001598
-0.011585
-0.006979
-0.001533
0.003708
0.004680
0.011720
0.017369
-0.049166
-0.022787
0.006910
