0.164307, 0.463141, -0.852464, 0.983967
0.101055, 0.423930, -0.872402, 0.975199
0.070411, 0.419568, -0.824078, 0.927416
0.089417, 0.423512, -0.829946, 0.936039
0.079315, 0.420993, -0.828413, 0.932627
0.097519, 0.423562, -0.828104, 0.935239
0.107402, 0.234813, 0.847363, -0.329999, 0.939181
0.234306, 0.847565, -0.329972, 0.939227
0.233945, 0.847747, -0.330143, 0.939361
0.233715, 0.847153, -0.330879, 0.939027
0.233319, 0.846997, -0.331153, 0.938884
0.233630, 0.846668, -0.331885, 0.938923
0.233241, 0.847224, -0.331766, 0.939287
0.232987, 0.846683, -0.332339, 0.938938
0.233236, 0.846574, -0.332465, 0.938947
0.233556, 0.846477, -0.332676, 0.939013
0.233556, 0.845631, -0.332380, 0.938146
0.233748, 0.844302, -0.332308, 0.936970
0.233729, 0.843959, -0.332729, 0.936806
0.234190, 0.843746, -0.332816, 0.936760
0.234604, 0.843270, -0.332798, 0.936428
0.234785, 0.843316, -0.332878, 0.936544
0.234090, 0.843547, -0.333242, 0.936707
0.234323, 0.843754, -0.333959, 0.937207
0.232720, 0.841950, -0.334700, 0.935448
0.232901, 0.842224, -0.335173, 0.935908
0.233731, 0.842091, -0.335403, 0.936078
0.233714, 0.841781, -0.335902, 0.935975
0.233317, 0.842167, -0.336448, 0.936418
0.232674, 0.842703, -0.335772, 0.936498
0.233145, 0.842995, -0.336720, 0.937218
0.232806, 0.842595, -0.337475, 0.937046
0.232405, 0.842140, -0.337571, 0.936572
0.231758, 0.842110, -0.338338, 0.936661
0.232131, 0.842557, -0.338542, 0.937229
0.231894, 0.842296, -0.339308, 0.937212
0.231966, 0.841776, -0.338830, 0.936590
0.231746, 0.841783, -0.338789, 0.936527
0.231738, 0.842073, -0.338753, 0.936773
0.230777, 0.842619, -0.339304, 0.937225
0.230294, 0.842446, -0.339118, 0.936884
0.229765, 0.842195, -0.339632, 0.936715
0.229766, 0.841307, -0.340191, 0.936120
0.228621, 0.842214, -0.339138, 0.936273
0.230550, 0.846442, -0.335759, 0.939336
0.230663, 0.847306, -0.335735, 0.940133
0.230192, 0.847419, -0.335909, 0.940182
0.228814, 0.846858, -0.335481, 0.939187
0.226620, 0.847680, -0.335972, 0.939572
0.222931, 0.848419, -0.336317, 0.939479
0.219898, 0.848989, -0.337697, 0.939775
0.216790, 0.849407, -0.338840, 0.939842
0.214090, 0.849877, -0.340258, 0.940160
0.211757, 0.849447, -0.341727, 0.939776
0.210709, 0.849819, -0.343146, 0.940393
0.209098, 0.850153, -0.343352, 0.940411
0.208032, 0.849980, -0.345871, 0.940941
0.207836, 0.849824, -0.346970, 0.941161
0.208232, 0.849779, -0.347666, 0.941465
0.210210, 0.849643, -0.347611, 0.941762
0.211799, 0.848573, -0.345616, 0.940418
0.213800, 0.847042, -0.347908, 0.940336
0.214168, 0.845760, -0.351137, 0.940466
0.215548, 0.845650, -0.355305, 0.942246
0.217267, 0.844698, -0.359442, 0.943355
0.220244, 0.841472, -0.362677, 0.942400
0.222921, 0.838571, -0.364710, 0.941227
0.225901, 0.836057, -0.367803, 0.940905
0.230299, 0.833512, -0.369806, 0.940498
0.235112, 0.830749, -0.373359, 0.940648
0.240013, 0.827695, -0.377916, 0.941013
0.246425, 0.825802, -0.384447, 0.943649
0.250378, 0.822015, -0.391973, 0.944479
0.250593, 0.819841, -0.397672, 0.945028
0.247256, 0.816369, -0.428091, 0.954388
0.244350, 0.814100, -0.428791, 0.952012
0.244123, 0.809690, -0.427474, 0.947591
0.250502, 0.803259, -0.428138, 0.944076
0.257002, 0.799562, -0.429125, 0.943132
0.261321, 0.794720, -0.427969, 0.939695
0.263202, 0.790460, -0.428389, 0.936814
0.264797, 0.786345, -0.428475, 0.933835
0.264228, 0.782740, -0.430789, 0.931707
0.261522, 0.779023, -0.432676, 0.928698
0.258993, 0.777102, -0.435638, 0.927764
0.258913, 0.773385, -0.437232, 0.925382
0.260272, 0.771179, -0.439929, 0.925201
0.236591, 0.769669, -0.443523, 0.919281
0.239817, 0.743287, -0.446365, 0.899572
0.240141, 0.743733, -0.450964, 0.902317
0.240529, 0.742617, -0.456073, 0.904067
0.240113, 0.738202, -0.458722, 0.901677
0.236973, 0.734989, -0.464120, 0.900984
0.234053, 0.734564, -0.465861, 0.900773
0.229806, 0.737784, -0.470054, 0.904481
0.228276, 0.740964, -0.475381, 0.909464
0.226805, 0.741075, -0.482506, 0.912932
0.230348, 0.739658, -0.490276, 0.916802
0.242885, 0.751275, -0.483449, 0.925814
0.258644, 0.762955, -0.480714, 0.938127
0.274248, 0.776491, -0.482730, 0.954557
0.284750, 0.799660, -0.484446, 0.977357
0.295721, 0.826752, -0.488518, 1.004798
0.298526, 0.833011, -0.489748, 1.011374
0.291794, 0.817502, -0.490757, 0.997143
0.279728, 0.786493, -0.486411, 0.966134
0.277656, 0.775384, -0.475595, 0.951054
0.271689, 0.796674, -0.452442, 0.955619
0.269090, 0.819611, -0.425881, 0.962053
0.262268, 0.816731, -0.400925, 0.946877
0.256611, 0.811582, -0.381594, 0.932807
0.281484, 0.815956, -0.366059, 0.937559
0.282479, 0.823113, -0.354229, 0.939568
0.278412, 0.829170, -0.343687, 0.939764
0.271606, 0.828361, -0.334304, 0.933654
0.261000, 0.828581, -0.324212, 0.927244
0.253944, 0.831907, -0.318930, 0.926430
0.247311, 0.828073, -0.318656, 0.921092
0.238294, 0.824531, -0.315491, 0.914423
0.223314, 0.824094, -0.316244, 0.910500
0.210606, 0.829673, -0.317115, 0.912838
0.200991, 0.827581, -0.318094, 0.909104
0.189863, 0.824183, -0.317709, 0.903473
0.178138, 0.816577, -0.315223, 0.893251
0.169884, 0.815235, -0.323105, 0.893233
0.160267, 0.817061, -0.327955, 0.894891
0.151617, 0.817661, -0.329982, 0.894677
0.141454, 0.815073, -0.329373, 0.890415
0.134890, 0.805730, -0.333398, 0.882355
0.136907, 0.776949, -0.338380, 0.858426
0.150934, 0.725095, -0.256079, 0.783658
0.180438, 0.759980, -0.283926, 0.831108
0.197237, 0.769361, -0.299824, 0.848948
0.210819, 0.776091, -0.309548, 0.861732
0.215495, 0.795129, -0.327439, 0.886501
0.209395, 0.790260, -0.345960, 0.887719
0.204291, 0.811663, -0.359210, 0.910804
0.199796, 0.830247, -0.372586, 0.931692
0.196422, 0.853785, -0.383058, 0.956171
0.199017, 0.872393, -0.381677, 0.972807
0.219480, 0.881734, -0.373916, 0.982568
0.251432, 0.878096, -0.362851, 0.982818
0.290662, 0.875298, -0.358251, 0.989432
0.319262, 0.881218, -0.354017, 1.001899
0.328952, 0.880855, -0.359257, 1.006569
0.327934, 0.876737, -0.346361, 0.998085
0.323775, 0.870190, -0.349259, 0.991989
0.320225, 0.860795, -0.349432, 0.982657
0.320181, 0.854621, -0.339665, 0.973789
0.319951, 0.834946, -0.329909, 0.953070
0.324324, 0.811754, -0.322497, 0.931737
0.328543, 0.784072, -0.324685, 0.910017
0.331192, 0.759842, -0.323539, 0.889790
0.330425, 0.743550, -0.327081, 0.876943
0.324011, 0.732595, -0.327737, 0.865500
0.319578, 0.722269, -0.329300, 0.855711
0.317882, 0.710329, -0.332262, 0.846176
0.315593, 0.695610, -0.337066, 0.834917
0.311627, 0.682373, -0.346543, 0.826339
0.303670, 0.670469, -0.357011, 0.818047
0.300046, 0.666210, -0.370997, 0.819452
0.302893, 0.672522, -0.392136, 0.835344
0.303449, 0.676871, -0.402877, 0.844124
0.301373, 0.689976, -0.410883, 0.857740
0.304850, 0.704321, -0.432773, 0.881076
0.308549, 0.722814, -0.474543, 0.918071
0.316933, 0.744279, -0.504226, 0.953227
0.341647, 0.744530, -0.513506, 0.966818
0.363491, 0.768737, -0.506382, 0.989700
0.388002, 0.815057, -0.491415, 1.027790
0.409186, 0.846949, -0.469393, 1.051230
0.412779, 0.811458, -0.456010, 1.018232
0.399503, 0.764280, -0.445337, 0.970593
0.378690, 0.762328, -0.415503, 0.947202
0.347091, 0.820288, -0.385851, 0.970683
0.320678, 0.855634, -0.364050, 0.983604
0.310952, 0.845241, -0.355924, 0.968403
0.314132, 0.823476, -0.356011, 0.950545
0.328633, 0.810444, -0.349667, 0.941853
0.325643, 0.806118, -0.341628, 0.934119
0.310264, 0.802701, -0.334301, 0.923228
0.294811, 0.798396, -0.331895, 0.913512
0.278530, 0.795093, -0.334304, 0.906373
0.263887, 0.789374, -0.343377, 0.900365
0.256540, 0.780345, -0.349008, 0.892501
0.217777, 0.686727, -0.347650, 0.799926
0.201047, 0.621777, -0.330864, 0.732460
0.248499, 0.593227, -0.312459, 0.715053
0.228675, 0.724519, -0.461200, 0.888778
0.234797, 0.719556, -0.433465, 0.872229
0.267019, 0.696230, -0.472928, 0.883004
0.286932, 0.672694, -0.478063, 0.873723
0.314859, 0.658163, -0.495717, 0.882071
0.349801, 0.640451, -0.511496, 0.891160
0.384278, 0.626228, -0.520628, 0.900491
0.403546, 0.615049, -0.537401, 0.911008
0.414863, 0.608977, -0.551901, 0.920630
0.443170, 0.608446, -0.570487, 0.944490
0.461184, 0.611380, -0.585839, 0.964200
0.475570, 0.647005, -0.601590, 1.003341
0.497669, 0.654871, -0.592796, 1.013872
0.545689, 0.645832, -0.583720, 1.027426
0.599370, 0.627939, -0.580617, 1.044351
0.656901, 0.616588, -0.570140, 1.066189
0.694231, 0.597754, -0.564026, 1.075822
0.680951, 0.557784, -0.541698, 1.033563
0.665956, 0.518805, -0.523368, 0.993262
0.650276, 0.488775, -0.510582, 0.960444
0.637224, 0.460537, -0.503656, 0.933712
0.616232, 0.437512, -0.498108, 0.905135
0.593059, 0.416711, -0.492924, 0.876551
0.572315, 0.403787, -0.496824, 0.858733
0.557096, 0.393112, -0.511908, 0.852609
0.550470, 0.389957, -0.535299, 0.861178
0.550236, 0.391386, -0.558864, 0.876511
0.553174, 0.391628, -0.580640, 0.892478
0.561828, 0.390898, -0.596721, 0.908035
0.571232, 0.386450, -0.618576, 0.926437
0.582552, 0.377805, -0.666833, 0.962689
0.569164, 0.370979, -0.692913, 0.970413
0.587658, 0.370338, -0.692142, 0.980588
0.624327, 0.377628, -0.708280, 1.016881
0.662265, 0.407787, -0.706157, 1.050496
0.707165, 0.432539, -0.698507, 1.084013
0.694682, 0.428542, -0.684720, 1.065398
0.684792, 0.432720, -0.660258, 1.045049
0.680478, 0.435435, -0.642248, 1.032055
0.658851, 0.441194, -0.615934, 1.004048
0.636730, 0.443814, -0.605014, 0.984093
0.617123, 0.446834, -0.600253, 0.969951
0.601113, 0.449549, -0.604144, 0.963546
0.584997, 0.448958, -0.598984, 0.950035
0.573462, 0.445393, -0.590938, 0.936184
0.565187, 0.442472, -0.588762, 0.928363
0.553548, 0.438612, -0.588167, 0.919095
0.542985, 0.437416, -0.583935, 0.909476
0.539116, 0.439184, -0.583631, 0.907829
0.537544, 0.435371, -0.588223, 0.908024
0.531933, 0.431279, -0.591476, 0.904875
0.533852, 0.434613, -0.592943, 0.908552
0.539299, 0.433156, -0.595234, 0.912563
0.537423, 0.435353, -0.603327, 0.917801
0.546709, 0.445481, -0.614983, 0.935707
0.541319, 0.445963, -0.634318, 0.945658
0.550976, 0.449903, -0.654722, 0.966772
0.560614, 0.478566, -0.670542, 0.996464
0.561935, 0.490977, -0.677083, 1.007607
0.578676, 0.498157, -0.681603, 1.023528
0.600028, 0.497600, -0.690144, 1.041124
0.651577, 0.524019, -0.675545, 1.074947
0.651657, 0.514791, -0.661347, 1.061625
0.648676, 0.494360, -0.637001, 1.034864
0.635023, 0.468593, -0.617150, 1.001852
0.635053, 0.435941, -0.607956, 0.981299
0.624679, 0.408474, -0.589667, 0.951201
0.611152, 0.385194, -0.599488, 0.938758
0.602422, 0.361984, -0.589641, 0.917399
0.593903, 0.347935, -0.578937, 0.899415
0.577559, 0.335017, -0.566100, 0.875374
0.561430, 0.321883, -0.559323, 0.855368
0.546829, 0.311020, -0.557606, 0.840643
0.533031, 0.299924, -0.563456, 0.831600
0.527874, 0.288238, -0.578932, 0.834802
0.534686, 0.280573, -0.600049, 0.851276
0.543198, 0.282685, -0.615829, 0.868459
0.547513, 0.291978, -0.625156, 0.880819
0.562939, 0.295406, -0.681895, 0.932280
0.576334, 0.288820, -0.723776, 0.969242
0.558802, 0.270480, -0.738577, 0.964839
0.577194, 0.257305, -0.747801, 0.979063
0.614153, 0.268395, -0.764852, 1.016965
0.659604, 0.301212, -0.761702, 1.051663
0.700860, 0.322857, -0.760328, 1.083300
0.689298, 0.339953, -0.740608, 1.067333
0.683958, 0.346606, -0.713728, 1.047541
0.676961, 0.357330, -0.692669, 1.032352
0.656928, 0.361191, -0.662834, 1.000681
0.637864, 0.364853, -0.651180, 0.981847
0.620719, 0.371084, -0.650331, 0.972587
0.602151, 0.372992, -0.650443, 0.961658
0.588316, 0.367693, -0.645388, 0.947544
0.575398, 0.365107, -0.641134, 0.935649
0.562253, 0.363920, -0.639546, 0.926059
0.552913, 0.364179, -0.635004, 0.917371
0.545467, 0.362042, -0.631795, 0.909821
0.545451, 0.357656, -0.630077, 0.906881
0.546867, 0.352764, -0.634661, 0.909011
0.545565, 0.348744, -0.637422, 0.908609
0.546779, 0.346740, -0.639029, 0.909700
0.555981, 0.351572, -0.640863, 0.918381
0.561108, 0.370800, -0.653603, 0.937834
0.561807, 0.381172, -0.678875, 0.960100
0.569591, 0.387561, -0.702478, 0.983928
0.571821, 0.398426, -0.720007, 1.002064
0.580219, 0.410281, -0.730615, 1.019207
0.600653, 0.417341, -0.739765, 1.040293
0.619506, 0.419519, -0.732039, 1.046740
0.627969, 0.443374, -0.708941, 1.045716
0.641304, 0.426533, -0.701692, 1.041908
0.685070, 0.414705, -0.677953, 1.049248
0.734067, 0.399897, -0.666917, 1.069369
0.737004, 0.387813, -0.663122, 1.064568
0.743176, 0.379600, -0.664476, 1.066740
0.736895, 0.368611, -0.668806, 1.061221
0.733823, 0.365460, -0.664431, 1.055237
0.725049, 0.359213, -0.661373, 1.045057
0.701128, 0.342979, -0.616010, 0.994325
0.694596, 0.308475, -0.588446, 0.961192
0.670116, 0.297540, -0.576598, 0.932765
0.664132, 0.268748, -0.575184, 0.918767
0.644437, 0.252714, -0.554456, 0.886896
0.629206, 0.234883, -0.547295, 0.866373
0.621711, 0.217709, -0.550097, 0.858213
0.601041, 0.204160, -0.515745, 0.817878
0.577585, 0.186763, -0.512580, 0.794495
0.557064, 0.174435, -0.523256, 0.783929
0.540517, 0.163822, -0.541418, 0.782388
0.529454, 0.153425, -0.570107, 0.793021
0.535439, 0.160948, -0.590459, 0.813167
0.553131, 0.166670, -0.615669, 0.844263
0.587838, 0.164896, -0.649139, 0.891137
0.618573, 0.151926, -0.722823, 0.963425
0.625793, 0.116376, -0.764669, 0.994927
0.628661, 0.115686, -0.773698, 1.003596
0.654140, 0.133738, -0.769267, 1.018606
0.702625, 0.171490, -0.754776, 1.045360
0.741266, 0.187809, -0.758867, 1.077324
0.738898, 0.200968, -0.729176, 1.057382
0.725510, 0.206831, -0.705101, 1.032624
0.699158, 0.217885, -0.683159, 1.001500
0.675649, 0.223561, -0.668486, 0.976399
0.634185, 0.228665, -0.668035, 0.949078
0.614357, 0.224345, -0.654009, 0.924928
0.605495, 0.223872, -0.643730, 0.911664
0.597716, 0.232547, -0.648691, 0.912218
0.581752, 0.231343, -0.636515, 0.892808
0.574742, 0.232820, -0.630722, 0.884502
0.570251, 0.238888, -0.633296, 0.885052
0.577948, 0.237709, -0.637166, 0.892475
0.582294, 0.233616, -0.640939, 0.896909
0.584294, 0.231925, -0.646570, 0.901799
0.598211, 0.230405, -0.676734, 0.932154
0.619982, 0.234725, -0.678176, 0.948365
0.613702, 0.236146, -0.690078, 0.953206
0.626184, 0.234864, -0.706131, 0.972568
0.634165, 0.234754, -0.719304, 0.987255
0.640770, 0.247357, -0.734069, 1.005300
0.663026, 0.258121, -0.741606, 1.027721
0.681895, 0.281357, -0.732819, 1.039792
0.701250, 0.286328, -0.712367, 1.039809
0.737453, 0.265965, -0.692223, 1.045824
0.782797, 0.240922, -0.679069, 1.063931
0.839604, 0.236031, -0.650895, 1.088260
0.814644, 0.200163, -0.634704, 1.051931
0.783800, 0.168666, -0.609538, 1.007138
0.749574, 0.137117, -0.585545, 0.961002
0.718889, 0.109599, -0.569027, 0.923366
0.698165, 0.085894, -0.558745, 0.898336
0.672085, 0.066947, -0.542007, 0.865998
0.635464, 0.046589, -0.528121, 0.827585
0.602626, 0.028187, -0.523710, 0.798890
0.578725, 0.007846, -0.538810, 0.790759
0.592725, -0.022958, -0.568443, 0.821570
0.584324, -0.021087, -0.606377, 0.842361
0.603390, -0.037603, -0.626189, 0.870406
0.643246, -0.036626, -0.641186, 0.908969
0.669451, -0.059729, -0.682691, 0.958018
0.660670, -0.085056, -0.720697, 0.981389
0.669091, -0.121007, -0.722187, 0.991907
0.724562, -0.124618, -0.789197, 1.078588
0.738094, -0.097912, -0.770753, 1.071648
0.717440, -0.097024, -0.759809, 1.049497
0.693999, -0.091296, -0.740919, 1.019280
0.680743, -0.081974, -0.732493, 1.003333
0.687523, -0.078235, -0.724332, 1.001731
0.666236, -0.070513, -0.716895, 0.981214
0.652818, -0.065464, -0.714488, 0.970026
0.654205, -0.065853, -0.711253, 0.968608
0.651635, -0.061368, -0.706689, 0.963226
0.646748, -0.045581, -0.698402, 0.952957
0.659433, -0.085887, -0.699317, 0.965024
0.676756, -0.082323, -0.706268, 0.981626
0.658080, -0.077033, -0.711936, 0.972551
0.647678, -0.087157, -0.759547, 1.001995
0.671146, -0.082897, -0.786506, 1.037257
0.702557, -0.082952, -0.810848, 1.076077
0.710957, -0.082243, -0.802676, 1.075413
0.700669, -0.080183, -0.768379, 1.042964
0.670807, -0.049800, -0.723040, 0.987547
0.629925, -0.025889, -0.690633, 0.935120
0.615011, -0.041163, -0.661587, 0.904229
0.594537, -0.040587, -0.631282, 0.868124
0.576412, -0.056561, -0.626600, 0.853274
0.567173, -0.072254, -0.639317, 0.857690
0.569646, -0.080679, -0.660872, 0.876217
0.548875, -0.077261, -0.648442, 0.853059
0.575232, -0.092385, -0.666257, 0.885056
0.586435, -0.154234, -0.701832, 0.927503
0.584679, -0.154594, -0.764568, 0.974840
0.606381, -0.162784, -0.776136, 0.998291
0.643741, -0.123799, -0.790042, 1.026594
0.704723, -0.100303, -0.764800, 1.044804
0.766339, -0.110549, -0.782864, 1.101078
0.760779, -0.078151, -0.742389, 1.065849
0.773526, -0.067404, -0.706672, 1.049891
0.752357, -0.069967, -0.667547, 1.008243
0.723206, -0.037295, -0.638101, 0.965189
0.713878, -0.043269, -0.640126, 0.959821
0.705586, -0.055656, -0.643212, 0.956384
0.694598, -0.050965, -0.634312, 0.942027
0.666969, -0.054331, -0.640707, 0.926448
0.646512, -0.059063, -0.657452, 0.923964
0.628114, -0.033461, -0.671538, 0.920114
0.611283, -0.051101, -0.674184, 0.911484
0.600059, -0.065827, -0.660415, 0.894735
0.589870, -0.074804, -0.664960, 0.892028
0.579848, -0.075200, -0.692883, 0.906623
0.576465, -0.078021, -0.690753, 0.903072
0.601093, -0.089088, -0.688254, 0.918119
0.614272, -0.097429, -0.707021, 0.941648
0.597308, -0.095263, -0.709208, 0.932109
0.604380, -0.131703, -0.747462, 0.970217
0.618755, -0.149687, -0.771163, 0.999979
0.617752, -0.138940, -0.785959, 1.009284
0.617994, -0.145674, -0.843920, 1.056096
0.648173, -0.152582, -0.842828, 1.074136
0.682374, -0.116899, -0.821221, 1.074106
0.644908, -0.112014, -0.760151, 1.003136
0.600146, -0.104018, -0.723034, 0.945396
0.566952, -0.102609, -0.690822, 0.899555
0.532330, -0.113570, -0.677809, 0.869310
0.518179, -0.138214, -0.683229, 0.868571
0.507075, -0.125684, -0.692774, 0.867673
0.489265, -0.111762, -0.736769, 0.891460
0.537083, -0.127963, -0.778572, 0.954467
0.541059, -0.138077, -0.823851, 0.995260
0.524789, -0.164803, -0.829256, 0.995102
0.570556, -0.186752, -0.836840, 1.029908
0.591390, -0.166965, -0.846092, 1.045701
0.636080, -0.147748, -0.886420, 1.100985
0.626748, -0.168666, -0.850792, 1.070097
0.615589, -0.183212, -0.817292, 1.039463
0.606603, -0.188616, -0.785901, 1.010536
0.601384, -0.200774, -0.764773, 0.993404
0.595832, -0.202608, -0.749956, 0.979030
0.593416, -0.208617, -0.731280, 0.964590
0.596300, -0.215159, -0.717112, 0.957140
0.605000, -0.220284, -0.709429, 0.958040
0.607576, -0.224135, -0.701742, 0.954896
0.605504, -0.226555, -0.694050, 0.948508
0.609746, -0.225982, -0.679837, 0.940764
0.616997, -0.217126, -0.692933, 0.952883
0.624472, -0.232669, -0.728838, 0.987575
0.626041, -0.245035, -0.744491, 1.003114
0.629647, -0.247341, -0.775690, 1.029237
0.639474, -0.240979, -0.790711, 1.045095
0.659571, -0.254120, -0.804998, 1.071276
0.728023, -0.217975, -0.776402, 1.086430
0.704853, -0.212295, -0.749323, 1.050415
0.671039, -0.208703, -0.716799, 1.003818
0.636145, -0.206137, -0.681031, 0.954451
0.601044, -0.204493, -0.646920, 0.906409
0.566901, -0.207943, -0.651754, 0.888482
0.538105, -0.210571, -0.644621, 0.865698
0.508964, -0.211514, -0.645989, 0.849167
0.492491, -0.223167, -0.655684, 0.849866
0.479012, -0.230898, -0.685903, 0.867887
0.459734, -0.223253, -0.715608, 0.879370
0.490965, -0.247184, -0.758764, 0.936946
0.513898, -0.266619, -0.777922, 0.969711
0.531278, -0.320970, -0.789118, 1.003985
0.566182, -0.337051, -0.799479, 1.036018
0.619517, -0.351608, -0.780292, 1.056544
0.680267, -0.357590, -0.679661, 1.025949
0.804649, -0.318135, -0.801640, 1.179532
0.798093, -0.322842, -0.763653, 1.150802
0.778172, -0.350110, -0.756342, 1.140255
0.778004, -0.344109, -0.749282, 1.133633
0.758292, -0.397861, -0.683587, 1.095715
0.733028, -0.375488, -0.673248, 1.063759
0.719944, -0.377074, -0.647995, 1.039424
0.703026, -0.375658, -0.628010, 1.014771
0.665961, -0.359312, -0.596611, 0.963615
0.629384, -0.346982, -0.573531, 0.919488
0.592769, -0.334093, -0.546840, 0.872941
0.536082, -0.315014, -0.522739, 0.812326
0.502088, -0.310178, -0.513713, 0.782435
0.477052, -0.303839, -0.510071, 0.761622
0.431922, -0.293778, -0.515746, 0.734068
0.405364, -0.295725, -0.529703, 0.729629
0.387777, -0.306765, -0.561712, 0.748329
0.384652, -0.319253, -0.594584, 0.776795
0.390334, -0.335697, -0.629885, 0.813516
0.392390, -0.351527, -0.677295, 0.858062
0.379831, -0.377328, -0.711175, 0.890179
0.367679, -0.402805, -0.752540, 0.929384
0.365051, -0.414342, -0.735549, 0.919769
0.404480, -0.423485, -0.750916, 0.952270
0.484785, -0.439670, -0.720663, 0.973490
0.567309, -0.473372, -0.761948, 1.061360
0.549063, -0.485860, -0.730487, 1.034960
0.486472, -0.453109, -0.657637, 0.935120
0.498599, -0.426784, -0.606035, 0.893322
0.585456, -0.356380, -0.661976, 0.952878
0.608702, -0.363682, -0.733589, 1.020263
0.615772, -0.372808, -0.726874, 1.022989
0.610393, -0.375233, -0.707993, 1.007290
0.606033, -0.384997, -0.703077, 1.004896
0.617665, -0.376716, -0.681534, 0.993938
0.623260, -0.349079, -0.654182, 0.968640
0.619226, -0.319106, -0.630752, 0.939744
0.584493, -0.305328, -0.638381, 0.917817
0.568429, -0.302320, -0.647480, 0.913093
0.576214, -0.333929, -0.657803, 0.936075
0.542950, -0.272970, -0.645586, 0.886616
0.548912, -0.248103, -0.644522, 0.882195
0.545400, -0.249246, -0.642203, 0.878641
0.553214, -0.249233, -0.641091, 0.882701
0.553181, -0.255666, -0.634935, 0.880066
0.558685, -0.265527, -0.628717, 0.881997
0.568788, -0.272215, -0.630325, 0.891588
0.579304, -0.275291, -0.636732, 0.903774
0.596586, -0.278531, -0.635198, 0.914861
0.610028, -0.276232, -0.636932, 0.924186
0.618014, -0.264495, -0.651041, 0.935817
0.621474, -0.267970, -0.659838, 0.945211
0.633364, -0.282184, -0.671251, 0.965068
0.660087, -0.274398, -0.706129, 1.004802
0.684024, -0.276401, -0.716383, 1.028344
0.692096, -0.280478, -0.708287, 1.029240
0.721683, -0.292295, -0.670653, 1.027637
0.740753, -0.314108, -0.649164, 1.033824
0.766585, -0.351733, -0.625169, 1.049860
0.778366, -0.372300, -0.598921, 1.050317
0.772930, -0.377240, -0.643709, 1.074287
0.726822, -0.342631, -0.655871, 1.037224
0.692513, -0.348664, -0.605711, 0.983884
0.676830, -0.407170, -0.613819, 1.000330
0.621507, -0.428884, -0.628796, 0.982648
0.623184, -0.427652, -0.616484, 0.975345
0.598071, -0.430905, -0.620394, 0.963461
0.567758, -0.423499, -0.600464, 0.928578
0.546127, -0.404706, -0.600344, 0.906893
0.513984, -0.393397, -0.596734, 0.880360
0.488895, -0.374981, -0.609735, 0.866836
0.470721, -0.360031, -0.639036, 0.871531
0.466495, -0.344216, -0.663829, 0.881346
0.468611, -0.330847, -0.679316, 0.889115
0.484826, -0.346313, -0.701317, 0.920236
0.499599, -0.364487, -0.724022, 0.952186
0.487790, -0.439694, -0.738312, 0.988116
0.433469, -0.481734, -0.711469, 0.962368
0.582704, -0.418214, -0.771872, 1.053676
0.644775, -0.372275, -0.820356, 1.107839
0.634377, -0.333710, -0.787002, 1.064504
0.635617, -0.343390, -0.762845, 1.050646
0.671273, -0.228871, -0.598983, 0.928315
0.647233, -0.211857, -0.641819, 0.935802
0.638305, -0.163759, -0.690556, 0.954525
0.647355, -0.131121, -0.660059, 0.933777
0.603873, -0.136368, -0.601597, 0.863237
0.625360, -0.119000, -0.582587, 0.862927
0.610238, -0.082717, -0.598861, 0.858991
0.618870, -0.079662, -0.618068, 0.878268
0.623389, -0.048479, -0.620943, 0.881212
0.630888, -0.049535, -0.644542, 0.903276
0.635628, -0.022997, -0.635509, 0.899124
0.652009, -0.004913, -0.638865, 0.912846
0.680385, -0.010261, -0.664940, 0.951406
0.684721, -0.013555, -0.690822, 0.972759
0.692246, -0.028080, -0.648623, 0.949054
0.711417, -0.041902, -0.667878, 0.976694
0.707094, -0.005421, -0.591896, 0.922145
0.693664, -0.007875, -0.560826, 0.892052
0.671282, -0.018328, -0.534150, 0.858062
0.655256, -0.026686, -0.523780, 0.839296
0.659832, -0.028231, -0.530799, 0.847303
0.678356, -0.022985, -0.559487, 0.879614
0.711807, 0.046568, -0.566120, 0.910676
0.740650, 0.047315, -0.583274, 0.943933
0.769641, 0.047134, -0.603857, 0.979394
0.782736, 0.045833, -0.609816, 0.993304
0.793082, 0.040682, -0.616343, 1.005243
0.798759, 0.027425, -0.624937, 1.014552
0.818655, 0.019483, -0.650664, 1.045915
0.834352, 0.003811, -0.693744, 1.085099
0.832057, 0.041944, -0.694154, 1.084403
0.779900, 0.085148, -0.651328, 1.019667
0.715437, 0.140209, -0.602307, 0.945665
0.639910, 0.179868, -0.576901, 0.880143
0.572751, 0.221126, -0.613011, 0.867596
0.569605, 0.238324, -0.633517, 0.884643
0.506759, 0.265922, -0.626567, 0.848590
0.466081, 0.302401, -0.645222, 0.851463
0.423488, 0.365822, -0.702957, 0.898508
0.401118, 0.451767, -0.710806, 0.932864
0.401707, 0.573229, -0.450130, 0.832212
0.548892, 0.649947, -0.484703, 0.979107
0.550916, 0.683110, -0.451781, 0.987043
0.534416, 0.722981, -0.418379, 0.991636
0.520341, 0.702722, -0.385130, 0.955457
0.499096, 0.708675, -0.346960, 0.933648
0.495734, 0.746161, -0.309520, 0.947793
0.474009, 0.796839, -0.227304, 0.954623
0.463918, 0.811418, -0.223026, 0.960916
0.454652, 0.807468, -0.246224, 0.958822
0.445270, 0.819555, -0.229630, 0.960555
0.258212, 0.836586, -0.115474, 0.883110
0.278439, 0.846120, -0.109128, 0.897417
0.267432, 0.834979, -0.105561, 0.883092
0.251522, 0.802684, -0.093987, 0.846403
0.235592, 0.786532, -0.081341, 0.825077
0.233670, 0.784045, -0.091761, 0.823255
0.225358, 0.773372, -0.090235, 0.810576
0.251947, 0.782732, -0.092171, 0.827431
0.265076, 0.793613, -0.090798, 0.841624
0.267342, 0.814394, -0.084894, 0.861346
0.256593, 0.829291, -0.081044, 0.871855
0.213149, 0.787332, -0.048687, 0.817126
0.215110, 0.801352, -0.050137, 0.831235
0.213247, 0.816804, -0.061072, 0.846388
0.211858, 0.827287, -0.071295, 0.856955
0.197250, 0.844109, -0.080489, 0.870578
0.206250, 0.859141, -0.069591, 0.886288
0.200318, 0.869437, -0.084891, 0.896245
0.186586, 0.876043, -0.096023, 0.900825
0.172615, 0.894495, -0.131524, 0.920443
0.172169, 0.930141, -0.158293, 0.959094
0.185507, 0.956605, -0.154057, 0.986529
0.197312, 0.981447, -0.135751, 1.010247
0.203253, 0.998574, -0.140886, 1.028742
0.215465, 1.012270, -0.152022, 1.046053
0.239806, 1.018331, -0.173906, 1.060541
0.272383, 1.033734, -0.194657, 1.086595
0.274485, 1.018202, -0.174792, 1.068939
0.290879, 0.982244, -0.188156, 1.041545
0.306290, 0.944124, -0.175951, 1.008039
0.299921, 0.940838, -0.157288, 0.999935
0.305643, 0.916178, -0.166676, 0.980092
0.298861, 0.895611, -0.184847, 0.962084
0.288660, 0.878254, -0.197491, 0.945334
0.276528, 0.863023, -0.203219, 0.928749
0.263614, 0.848473, -0.225785, 0.916721
0.253146, 0.838800, -0.229150, 0.905637
0.234571, 0.813135, -0.245894, 0.881292
0.227600, 0.802092, -0.290722, 0.882991
0.209880, 0.791119, -0.317124, 0.877773
0.195090, 0.782767, -0.339213, 0.875128
0.186178, 0.786441, -0.360439, 0.884911
0.178260, 0.806048, -0.375151, 0.906768
0.172665, 0.817520, -0.406087, 0.929010
0.164199, 0.824519, -0.460078, 0.958366
0.170039, 0.866833, -0.480225, 1.005449
0.185787, 0.890383, -0.484430, 1.030520
0.219509, 0.925590, -0.462042, 1.057537
0.264912, 0.967773, -0.429650, 1.091495
0.261755, 0.970637, -0.431943, 1.094179
0.243268, 0.954919, -0.403555, 1.064850
0.228073, 0.941731, -0.375593, 1.039204
0.218035, 0.933663, -0.352685, 1.021593
0.207099, 0.927071, -0.337239, 1.008008
0.199173, 0.922090, -0.314010, 0.994244
0.190518, 0.919507, -0.301000, 0.986099
0.179204, 0.920880, -0.294748, 0.983367
0.171320, 0.924580, -0.289709, 0.983936
0.171004, 0.934637, -0.281189, 0.990887
0.170625, 0.942165, -0.284424, 0.998842
0.158261, 0.946755, -0.275269, 0.998581
0.139413, 0.947185, -0.263241, 0.992921
0.123800, 0.961886, -0.260111, 1.004096
0.127601, 0.989229, -0.254085, 1.029279
0.146000, 1.007563, -0.247498, 1.047738
0.161211, 1.034572, -0.240894, 1.074411
0.157142, 1.042652, -0.232912, 1.079845
0.152529, 1.002999, -0.241689, 1.042922
0.142751, 0.968193, -0.275363, 1.016661
0.131286, 0.898502, -0.268482, 0.946902
0.138341, 0.866540, -0.273482, 0.919142
0.140392, 0.849077, -0.282357, 0.905741
0.133363, 0.829391, -0.282361, 0.886229
0.136297, 0.788085, -0.312912, 0.858818
0.146473, 0.762977, -0.343500, 0.849459
0.154957, 0.763336, -0.351745, 0.854645
0.170220, 0.772568, -0.366943, 0.872057
0.193774, 0.782672, -0.411742, 0.905348
0.194918, 0.783228, -0.441523, 0.919990
0.202149, 0.781168, -0.470251, 0.933929
0.228594, 0.812681, -0.481103, 0.971682
0.270029, 0.864623, -0.468000, 1.019565
0.312730, 0.917495, -0.469253, 1.076938
0.310960, 0.876701, -0.447615, 1.032308
0.313089, 0.886367, -0.421929, 1.030386
0.307848, 0.885959, -0.393868, 1.017264
0.308001, 0.883128, -0.375735, 1.007947
0.281613, 0.878876, -0.366627, 0.993048
0.264370, 0.870312, -0.350070, 0.974620
0.249722, 0.862327, -0.340628, 0.960206
0.246664, 0.853819, -0.328148, 0.947381
0.244486, 0.843418, -0.308558, 0.930772
0.244245, 0.835677, -0.301642, 0.921411
0.240402, 0.829662, -0.295715, 0.913006
0.244771, 0.824728, -0.287271, 0.906980
0.251276, 0.827304, -0.281623, 0.909331
0.229168, 0.822418, -0.280241, 0.898568
0.228561, 0.825701, -0.274621, 0.899688
0.233931, 0.827421, -0.272874, 0.902114
0.260897, 0.845082, -0.218962, 0.911139
0.287438, 0.847505, -0.225349, 0.922858
0.290600, 0.852716, -0.247243, 0.934186
0.279895, 0.845934, -0.252436, 0.926105
0.271890, 0.867134, -0.262360, 0.945874
0.274614, 0.892075, -0.261167, 0.969237
0.280404, 0.903510, -0.259704, 0.981021
0.297633, 0.905547, -0.274539, 0.991954
0.302822, 0.907473, -0.279513, 0.996662
0.323519, 0.901717, -0.298190, 1.003332
0.351482, 0.918721, -0.302923, 1.029248
0.389034, 0.925766, -0.312238, 1.051610
0.411449, 0.907742, -0.328398, 1.049348
0.423402, 0.904613, -0.345558, 1.056884
0.412873, 0.894026, -0.333651, 1.039745
0.406171, 0.886023, -0.350963, 1.035947
0.397091, 0.894180, -0.350090, 1.039136
0.396940, 0.900190, -0.308930, 1.031184
0.400430, 0.869669, -0.305479, 1.004981
0.407576, 0.842791, -0.300138, 0.983107
0.414194, 0.809520, -0.301075, 0.957876
0.416424, 0.779505, -0.305128, 0.934954
0.415471, 0.755071, -0.315486, 0.917758
0.408126, 0.715467, -0.308651, 0.879617
0.395986, 0.695776, -0.324783, 0.863941
0.385451, 0.679205, -0.336859, 0.850509
0.372828, 0.665535, -0.344216, 0.836912
0.359281, 0.645658, -0.356961, 0.820597
0.347194, 0.627404, -0.373579, 0.808543
0.339472, 0.607576, -0.392805, 0.799178
0.339590, 0.602162, -0.420698, 0.809263
0.340935, 0.604117, -0.452690, 0.828326
0.336707, 0.614502, -0.470176, 0.843830
0.335194, 0.605452, -0.493197, 0.849806
0.343089, 0.624801, -0.506895, 0.874659
0.351430, 0.626847, -0.573889, 0.919668
0.362365, 0.648971, -0.619350, 0.967505
0.375062, 0.683559, -0.622193, 0.997521
0.399457, 0.708787, -0.587683, 1.003652
0.417674, 0.730243, -0.556453, 1.008636
0.417741, 0.735794, -0.521267, 0.993790
0.404824, 0.687705, -0.494391, 0.938745
0.385670, 0.689293, -0.479561, 0.924037
0.397451, 0.729678, -0.437719, 0.939146
0.389440, 0.784860, -0.462841, 0.990904
0.372789, 0.789081, -0.446226, 0.980173
0.360773, 0.787949, -0.450061, 0.976512
0.358268, 0.784561, -0.439695, 0.968103
0.368038, 0.783125, -0.425216, 0.964130
0.380068, 0.780697, -0.412877, 0.961461
0.380677, 0.770077, -0.403434, 0.949048
0.368248, 0.764602, -0.399514, 0.937995
0.353827, 0.764987, -0.403481, 0.934449
0.344483, 0.760783, -0.409285, 0.930040
0.339516, 0.749040, -0.401080, 0.914985
0.334095, 0.740755, -0.403915, 0.907461
0.324257, 0.731219, -0.407438, 0.897680
0.312930, 0.719325, -0.400392, 0.880720
0.307419, 0.711852, -0.404853, 0.874726
0.311622, 0.702667, -0.407114, 0.869823
0.315975, 0.706066, -0.422379, 0.881348
0.313974, 0.707037, -0.429783, 0.884983
0.314464, 0.708764, -0.439943, 0.891506
0.321393, 0.718847, -0.446746, 0.905327
0.323522, 0.725830, -0.448388, 0.912440
0.315608, 0.730403, -0.462707, 0.920432
0.308682, 0.735843, -0.480448, 0.931440
0.308656, 0.753721, -0.495625, 0.953419
0.304720, 0.761647, -0.504603, 0.963112
0.309672, 0.777969, -0.517347, 0.984267
0.320996, 0.781842, -0.520052, 0.992356
0.334233, 0.776036, -0.512950, 0.988464
0.365221, 0.773658, -0.507731, 0.994848
0.406160, 0.794932, -0.514226, 1.030199
0.445075, 0.815201, -0.512478, 1.060791
0.469481, 0.819021, -0.515965, 1.075838
0.468720, 0.779897, -0.503243, 1.039803
0.464600, 0.748410, -0.486354, 1.006236
0.456220, 0.716775, -0.479435, 0.975583
0.443722, 0.691075, -0.472435, 0.947454
0.427902, 0.662466, -0.470031, 0.918091
0.411672, 0.637875, -0.468453, 0.892080
0.394404, 0.616234, -0.465380, 0.867109
0.375631, 0.594118, -0.488786, 0.856147
0.367337, 0.577168, -0.495632, 0.844814
0.368846, 0.567043, -0.521441, 0.854099
0.379650, 0.577369, -0.531905, 0.872017
0.374862, 0.585613, -0.557953, 0.891502
0.370366, 0.597956, -0.573205, 0.907351
0.372907, 0.605738, -0.604433, 0.933443
0.378149, 0.600414, -0.654989, 0.965663
0.398321, 0.626811, -0.664848, 0.996782
0.413027, 0.697470, -0.674103, 1.054263
0.399535, 0.765847, -0.641759, 1.076107
0.390169, 0.761273, -0.616078, 1.054192
0.389188, 0.755073, -0.587535, 1.032860
0.398039, 0.756038, -0.560406, 1.021804
0.398652, 0.760698, -0.534745, 1.011700
0.384604, 0.765931, -0.512738, 0.998734
0.368153, 0.765423, -0.496158, 0.983658
0.354314, 0.752076, -0.476869, 0.958416
0.340628, 0.736376, -0.468473, 0.936880
0.333472, 0.731072, -0.449929, 0.920927
0.327133, 0.724880, -0.438701, 0.908254
0.296528, 0.726706, -0.436970, 0.898317
0.290760, 0.725314, -0.430938, 0.892373
0.292824, 0.715437, -0.425124, 0.882229
0.304318, 0.710536, -0.431084, 0.885045
0.313510, 0.709825, -0.436833, 0.890484
0.312902, 0.714398, -0.463309, 0.907154
0.309683, 0.719649, -0.457933, 0.907469
0.305644, 0.731954, -0.482381, 0.928368
0.298767, 0.747380, -0.492596, 0.943657
0.301838, 0.762485, -0.495653, 0.958207
0.308321, 0.783841, -0.501223, 0.980150
0.308045, 0.799445, -0.518491, 1.001418
0.317052, 0.814899, -0.520108, 1.017396
0.337461, 0.785290, -0.515238, 0.998013
0.369554, 0.781127, -0.506578, 1.001674
0.402424, 0.789516, -0.506087, 1.020492
0.428071, 0.805402, -0.508466, 1.044248
0.453807, 0.823479, -0.507396, 1.068414
0.460826, 0.833290, -0.505071, 1.077882
0.452826, 0.792635, -0.490527, 1.036310
0.439048, 0.755599, -0.483577, 0.998769
0.423413, 0.716321, -0.475479, 0.958371
0.410688, 0.690383, -0.467029, 0.929198
0.394473, 0.666393, -0.458845, 0.900126
0.381991, 0.640932, -0.450416, 0.871542
0.373056, 0.620121, -0.448089, 0.851178
0.364543, 0.608040, -0.452028, 0.840794
0.364139, 0.608172, -0.477460, 0.854657
0.365685, 0.618527, -0.510547, 0.881453
0.362208, 0.634095, -0.518704, 0.895726
0.351353, 0.645726, -0.529152, 0.905767
0.341781, 0.645380, -0.572405, 0.927889
0.342239, 0.628860, -0.605756, 0.937834
0.365645, 0.632772, -0.665422, 0.988374
0.397000, 0.685958, -0.677830, 1.042881
0.430827, 0.742509, -0.658537, 1.081944
0.461247, 0.745972, -0.627955, 1.078680
0.435361, 0.714109, -0.606291, 1.032996
0.414563, 0.693038, -0.613854, 1.014387
0.391757, 0.669918, -0.617348, 0.991656
0.366571, 0.646662, -0.619906, 0.967899
0.363101, 0.618164, -0.648961, 0.967016
0.358739, 0.601352, -0.646292, 0.952897
0.327242, 0.604337, -0.629105, 0.931710
0.312560, 0.597353, -0.637970, 0.928187
0.300502, 0.574390, -0.635728, 0.907951
0.302063, 0.561417, -0.648791, 0.909593
0.312149, 0.563874, -0.660830, 0.923085
0.315304, 0.571581, -0.666403, 0.932853
0.305069, 0.540312, -0.677155, 0.918446
0.284033, 0.518638, -0.708617, 0.922929
0.280955, 0.514881, -0.734576, 0.940021
0.273034, 0.534157, -0.745078, 0.956563
0.267246, 0.547131, -0.770187, 0.981815
0.262232, 0.559652, -0.799674, 1.010670
0.274230, 0.580865, -0.792628, 1.020228
0.344847, 0.598993, -0.771212, 1.035606
0.376578, 0.624775, -0.753898, 1.049056
0.409885, 0.655639, -0.744554, 1.073419
0.415793, 0.632209, -0.702392, 1.032437
0.416622, 0.617110, -0.665643, 0.998739
0.417367, 0.596139, -0.641740, 0.970261
0.411644, 0.570170, -0.616255, 0.935048
0.408405, 0.543972, -0.601412, 0.907963
0.393089, 0.518991, -0.598959, 0.884660
0.369009, 0.498232, -0.594127, 0.858714
0.345542, 0.485819, -0.593478, 0.841210
0.330640, 0.468589, -0.591630, 0.823969
0.317048, 0.457929, -0.599599, 0.818375
0.307973, 0.447489, -0.617175, 0.822192
0.302484, 0.444736, -0.643197, 0.838445
0.298788, 0.458184, -0.663875, 0.860195
0.297849, 0.474638, -0.674200, 0.876665
0.314276, 0.484222, -0.705084, 0.911254
0.317980, 0.480139, -0.763017, 0.955950
0.317781, 0.430401, -0.754701, 0.925096
0.354909, 0.442354, -0.768528, 0.955130
0.374082, 0.503910, -0.752068, 0.979525
0.411362, 0.598983, -0.752345, 1.045955
0.444696, 0.644197, -0.752497, 1.085816
0.439465, 0.630451, -0.734052, 1.062746
0.442776, 0.632117, -0.692169, 1.036687
0.436689, 0.636838, -0.653823, 1.011803
0.425299, 0.631700, -0.641617, 0.995790
0.404083, 0.625468, -0.638424, 0.980856
0.392446, 0.624223, -0.630493, 0.970149
0.381981, 0.614478, -0.628030, 0.958079
0.365127, 0.583440, -0.618033, 0.925032
0.351592, 0.549555, -0.622079, 0.901449
0.341520, 0.540315, -0.629414, 0.897072
0.322061, 0.538262, -0.630465, 0.889345
0.315821, 0.533571, -0.635594, 0.887931
0.312404, 0.532007, -0.650713, 0.896692
0.312671, 0.527568, -0.660419, 0.901245
0.310048, 0.511632, -0.665547, 0.894902
0.313701, 0.491898, -0.665975, 0.885378
0.318989, 0.479933, -0.661399, 0.877234
0.318879, 0.493439, -0.659230, 0.883034
0.323742, 0.492693, -0.648328, 0.876290
0.352255, 0.487379, -0.703318, 0.925352
0.356524, 0.494068, -0.716384, 0.940435
0.354638, 0.504823, -0.743701, 0.966285
0.350365, 0.515064, -0.770310, 0.990669
0.362171, 0.526075, -0.784706, 1.011774
0.383284, 0.535219, -0.778194, 1.019290
0.406184, 0.533394, -0.758815, 1.012568
0.436700, 0.536113, -0.747711, 1.018428
0.472254, 0.570597, -0.749789, 1.053939
0.520353, 0.632130, -0.757690, 1.115549
0.508935, 0.595048, -0.702530, 1.051973
0.505918, 0.582459, -0.691354, 1.035945
0.492041, 0.565641, -0.673229, 1.007617
0.471070, 0.534686, -0.656637, 0.969003
0.446676, 0.513673, -0.647261, 0.939322
0.421971, 0.463686, -0.642137, 0.897443
0.401949, 0.442903, -0.672845, 0.900248
0.383561, 0.430943, -0.678278, 0.890445
0.362064, 0.421894, -0.656119, 0.859986
0.344448, 0.415462, -0.661680, 0.853858
0.337099, 0.407687, -0.679621, 0.861237
0.334211, 0.406098, -0.696241, 0.872562
0.335621, 0.417371, -0.700194, 0.881540
0.340229, 0.429783, -0.704236, 0.892422
0.363838, 0.432130, -0.732290, 0.924858
0.376100, 0.423530, -0.762188, 0.949610
0.381117, 0.409540, -0.771953, 0.953355
